version: 1
creator: callgrind-3.11.0
pid: 1796
cmd:  ./um ./umbin/midmark.um
part: 1


desc: I1 cache: 
desc: D1 cache: 
desc: LL cache: 

desc: Timerange: Basic block 0 - 2391909160
desc: Trigger: Program termination

positions: line
events: Ir
summary: 11074912212


ob=(2) ???
fl=(16) ???
fn=(596) 0x0000000000405114
0 3

fn=(226) 0x0000000004a24510
0 6

fn=(644) 0x0000000004c96278
0 3

fn=(296) 0x0000000000400af8
0 6

fn=(258) 0x0000000004c2b1c0
0 6

fn=(622) 0x0000000004a247a8
0 3

ob=(1) /usr/lib64/ld-2.17.so
fl=(105) /usr/src/debug/glibc-2.17-c758a686/elf/dl-fini.c
fn=(584) _dl_sort_fini
33 9
+2 1
-2 4
+2 1
+6 1
-1 2
+2 1
-1 1
-1 2
+1 4
+1 1
cfi=(36) /usr/src/debug////////glibc-2.17-c758a686/string/../sysdeps/x86_64/rtld-memset.S
cfn=(116) memset
calls=1 -12 
* 16
* 1
+15 8
+62 5
+3 27
cfi=(36)
cfn=(116)
calls=3 -92 
* 30
* 12
-75 6
-1 9
+1 3
+4 9
+71 1
-75 2
-1 3
+1 1
+4 11
+6 4
+1 4
-1 4
+1 7
+2 12
+1 6
-1 12
+1 9
+3 21
-1 30
+31 18
+21 6
-57 12
+61 16
+7 8

fn=(582) _dl_fini
132 3
+12 1
-12 5
+19 1
-6 1
+9 10
+3 2
cfi=(2) /usr/src/debug/glibc-2.17-c758a686/elf/rtld.c
cfn=(50) rtld_lock_default_lock_recursive
calls=1 917 
* 2
+3 2
+3 2
+2 7
+11 3
+2 2
+3 9
+11 2
+2 10
+4 5
+2 5
-2 10
+6 5
-5 5
-7 15
+19 6
cfn=(584)
calls=1 33 
* 340
+9 2
cfi=(2)
cfn=(52) rtld_lock_default_unlock_recursive
calls=1 923 
* 2
+4 4
+2 1
+2 3
-2 4
+2 12
+3 10
+3 15
+4 6
+7 6
+4 3
+1 3
-1 3
+2 6
+1 9
+1 6
cob=(4) /usr/lib64/libm-2.17.so
cfi=(55) ???
cfn=(624) 0x00000000000056f0
calls=1 0 
* 1418
cob=(5) /usr/sup/valgrind-3.11.0/lib/valgrind/vgpreload_core-amd64-linux.so
cfi=(61) ???
cfn=(598) 0x0000000000000600
calls=1 0 
* 1132
cob=(6) /h/nbhati04/Desktop/comp40/hw6/submit/um
cfi=(69) ???
cfn=(586) 0x0000000000400dc0
calls=1 0 
* 17
-1 9
+5 9
+1 9
cob=(2)
cfi=(16)
cfn=(644)
calls=1 0 
* 3
cob=(2)
cfi=(16)
cfn=(622)
calls=1 0 
* 3
cob=(2)
cfi=(16)
cfn=(596)
calls=1 0 
* 3
+5 30
+16 10
-55 11
-70 2
284 6
-49 4
+55 2
+7 8

fl=(21) /usr/src/debug/glibc-2.17-c758a686/elf/../sysdeps/unix/sysv/linux/dl-sysdep.c
fn=(60) _dl_discover_osversion
45 7
+2 3
+85 8
-45 3
cfi=(22) /usr/src/debug////////glibc-2.17-c758a686/posix/../sysdeps/unix/syscall-template.S
cfn=(62) uname
calls=1 -6 
* 5
* 1
+15 1
-15 1
+20 1
-1 1
+3 12
+4 3
-2 6
+2 10
+2 1
+1 2
-3 4
+7 3
-1 3
+4 3
-2 3
+2 10
+5 2

fl=(23) /usr/src/debug/glibc-2.17-c758a686/elf/dl-load.c
fn=(72) fillin_rpath
489 7
+2 1
-2 9
+4 3
cfi=(17) /usr/src/debug/glibc-2.17-c758a686/elf/dl-minimal.c
cfn=(74) strsep
calls=1 340 
* 243
* 6
cfi=(17)
cfn=(74)
calls=2 340 
* 207
* 9
+3 4
cfi=(10) /usr/src/debug////////glibc-2.17-c758a686/string/../sysdeps/x86_64/rtld-strlen.S
cfn=(20) strlen
calls=2 28 
* 89
+4 2
-4 2
+4 2
+7 12
+12 25
+1 10
+18 4
+4 6
+1 6
-1 2
+1 2
-2 2
cfi=(17)
cfn=(40) malloc
calls=2 93 
* 68
* 2
+3 2
-3 2
+3 6
+5 2
+1 6
-2 2
+2 2
cfi=(18) /usr/src/debug////////glibc-2.17-c758a686/string/../sysdeps/x86_64/memcpy.S
cfn=(68) mempcpy
calls=2 61 
* 58
+3 2
-3 2
+3 2
-2 2
+2 2
+1 1
+5 4
+1 2
-1 4
+1 26
+1 20
+3 2
-1 4
+1 2
+7 2
+1 2
+3 6
-68 4
+5 4
+3 6
+23 4
+42 1
+3 9
-14 4

fn=(98) expand_dynamic_string_token
419 9
+10 2
-10 1
+10 1
cfi=(25) /usr/src/debug////////glibc-2.17-c758a686/string/../sysdeps/x86_64/rtld-strchr.S
cfn=(70) index
calls=1 40 
* 169
* 2
161 2
cfi=(10)
cfn=(20)
calls=1 28 
* 97
* 1
+1 2
cfi=(17)
cfn=(40)
calls=1 -69 
* 34
* 1
+2 2
444 1
167 2
444 6
167 2
cfi=(18)
cfn=(46) memcpy
calls=1 61 
* 56

fn=(100) open_verify
1681 130
+36 13
-36 26
+36 26
+21 52
cfi=(32) /usr/src/debug////////glibc-2.17-c758a686/io/../sysdeps/unix/syscall-template.S
cfn=(102) open
calls=13 81 
* 105
+1 13
-1 13
+1 13
+10 3
+1 6
+5 18
cfi=(32)
cfn=(104) read
calls=3 81 
* 15
+2 6
+2 3
+2 3
-2 3
+2 3
-2 3
+8 6
+16 15
cfi=(14) /usr/src/debug/glibc-2.17-c758a686/string/../string/memcmp.c
cfn=(30) bcmp
calls=3 319 
* 258
* 6
+2 3
-2 6
+4 12
cfi=(14)
cfn=(30)
calls=3 319 
* 240
-4 6
+60 6
+5 6
+3 12
+5 6
+7 3
+1 3
-1 12
+1 9
+1 3
+15 127
+1 42
+4 8
+1 4
+13 2
+1 2
+2 2
-3 2
+1 2
-1 2
+1 2
-2 2
+4 4
+5 2
+1 2
-13 8
cfi=(14)
cfn=(30)
calls=2 319 
* 146
* 8
cfi=(14)
cfn=(30)
calls=2 319 
* 160
* 8
+16 4
+6 2
-3 2
+1 2
+1 2
+1 4
+1 8
-4 2
+1 2
+1 2
-1 6
-1 2
+4 4
+5 10
+8 96
1814 1
1931 8
1783 8
cfi=(14)
cfn=(30)
calls=2 319 
* 176
* 4

fn=(106) _dl_map_object_from_fd
916 33
+11 3
-11 3
+11 3
-11 9
+11 3
cfi=(26) /usr/src/debug/glibc-2.17-c758a686/elf/dl-debug.c
cfn=(76) _dl_debug_initialize
calls=3 51 
* 24
+4 9
-4 3
+4 3
cfi=(33) /usr/src/debug/glibc-2.17-c758a686/io/../sysdeps/unix/sysv/linux/wordsize-64/fxstat.c
cfn=(110) _fxstat
calls=3 36 
* 30
* 6
+11 21
+1 9
-1 27
+1 36
+17 6
+25 6
+10 6
+22 3
-89 3
+89 9
+35 21
cfi=(15) /usr/src/debug/glibc-2.17-c758a686/elf/dl-object.c
cfn=(32) _dl_new_object
calls=3 62 
* 1477
+1 3
-1 3
+1 3
+11 6
+5 3
-5 3
+1 6
+1 3
+2 3
-2 3
+2 12
+1 9
+1 3
+24 6
+8 3
-8 27
+8 3
-8 3
+8 3
+99 3
1095 3
1201 3
+8 3
1096 3
1209 3
1085 3
1209 3
-8 9
-98 45
-1 184
+1 133
+6 6
+1 9
+1 3
+3 2
+1 1
+5 30
+6 12
+1 6
-1 24
+7 24
+11 6
+2 6
-1 6
+4 6
-5 6
+1 6
-1 12
+2 6
-1 6
+2 6
+3 6
+4 6
-9 6
+2 6
+1 6
+1 6
+1 6
+4 6
+1 9
+5 6
-16 3
+16 15
+10 3
-10 6
-16 3
+16 15
+10 3
+3 3
+5 1
-1 1
+3 1
-1 1
-1 1
+1 1
+3 3
+1 2
+3 2
+4 4
+6 1
cfi=(27) /usr/src/debug/glibc-2.17-c758a686/elf/dl-tls.c
cfn=(140) _dl_next_tls_modid
calls=1 52 
* 6
* 2
+1 1
+60 6
+1 9
+1 3
-6 6
+1 9
+8 9
+13 24
+2 6
+14 3
+5 18
cfi=(34) /usr/src/debug/glibc-2.17-c758a686/misc/../sysdeps/unix/sysv/linux/wordsize-64/mmap.c
cfn=(112) mmap
calls=3 32 
* 105
+4 3
-4 3
+4 3
+7 3
+1 3
-1 3
+1 3
+2 3
-3 3
+1 3
+2 3
+10 3
+2 3
+33 18
+3 6
+8 24
+6 3
+2 3
-2 3
+1 3
+2 3
-1 3
+1 3
-1 9
+8 6
+3 6
+11 21
cfi=(36)
cfn=(116)
calls=3 30 
* 1998
+1 15
+5 6
+15 6
-74 30
+2 12
+2 24
cfi=(34)
cfn=(112)
calls=3 32 
* 93
* 6
+9 6
+2 3
-2 3
+2 3
+1 12
+1 4
+1 2
-1 4
+1 8
-1 4
+3 8
1065 3
1421 12
+9 6
fi=(3) /usr/src/debug/glibc-2.17-c758a686/elf/get-dynamic-info.h
38 3
fe=(23)
1430 3
fi=(3)
38 3
+6 3
-2 3
+2 6
+7 3
+5 3
+3 3
-1 3
-3 3
-3 66
+10 15
-18 45
+8 58
+10 58
-18 174
+18 2
-18 6
+2 150
+5 68
+2 8
+16 6
+20 12
+1 12
+1 12
+1 12
+2 12
+5 12
+1 11
+1 11
+35 9
+5 2
+2 2
-2 2
+2 2
+2 4
+2 4
+1 1
+2 9
+10 2
-8 4
+9 4
-1 2
+5 4
+1 2
+2 6
fe=(23)
1436 6
+16 9
+19 6
+2 15
+51 9
+1 2
+3 2
cfi=(32)
cfn=(120) close
calls=1 81 
* 5
* 4
cfi=(32)
cfn=(120)
calls=2 81 
* 10
* 6
+8 15
+3 9
+2 3
-2 3
+2 3
+16 6
cfi=(6) /usr/src/debug/glibc-2.17-c758a686/elf/dl-lookup.c
cfn=(10) _dl_setup_hash
calls=3 865 
* 60
+4 6
+1 6
+17 6
+1 1
+3 1
+6 1
-6 1
+1 2
+5 1
-6 2
+6 2
-6 2
+1 4
+5 2
+10 6
+10 9
cfi=(15)
cfn=(48) _dl_add_to_namespace_list
calls=3 33 
* 132
+4 12
+20 24
1317 3
-1 15
cfi=(35) /usr/src/debug////////glibc-2.17-c758a686/misc/../sysdeps/unix/syscall-template.S
cfn=(114) mprotect
calls=3 81 
* 15
* 3
+90 8
cfi=(34)
cfn=(112)
calls=1 32 
* 31
+3 2
fi=(3)
56 8
+3 8
+1 2
+1 8
fe=(23)
1536 6
+1 2

fn=(128) open_path
1945 16
+1 2
-1 10
+7 2
-7 2
+1 2
+6 2
+5 4
-7 2
+7 2
-8 2
+8 6
+74 2
-74 2
+74 2
-22 4
-52 2
+52 6
-40 2
-9 2
+9 4
-9 2
+9 2
+7 16
cfi=(18)
cfn=(68)
calls=4 61 
* 116
+1 4
-1 4
+1 12
-13 8
+33 16
-20 38
+3 32
+4 80
cfi=(18)
cfn=(68)
calls=10 61 
* 198
* 40
cfi=(18)
cfn=(68)
calls=10 61 
* 230
* 10
+3 10
+3 20
+3 70
cfn=(100)
calls=10 1681 
* 400
* 10
+2 30
+26 8
+2 6
-21 16
+1 72
+6 16
+2 24
-2 8
+2 8
cfi=(38) /usr/src/debug/glibc-2.17-c758a686/io/../sysdeps/unix/sysv/linux/wordsize-64/xstat.c
cfn=(130) _xstat
calls=8 36 
* 98
* 16
+1 2
+2 2
-2 2
+2 16
+7 4
-44 4
+37 12
+7 12
-44 14
+85 20
+7 4
-2 4
+2 12
+3 6
-13 2
+27 22
-72 12

fn=(94) _dl_map_object
2094 6
+12 12
-12 6
+12 6
-12 54
+12 6
-12 12
+12 12
+12 30
-12 45
+5 54
+1 36
+2 54
cfi=(31) /usr/src/debug/glibc-2.17-c758a686/elf/dl-misc.c
cfn=(96) _dl_name_match_p
calls=18 304 
* 1245
* 39
2399 48
2141 6
+11 12
-56 6
+92 6
-2 3
+2 3
cfi=(25)
cfn=(70)
calls=3 40 
* 175
* 6
2330 6
cfn=(98)
calls=1 419 
* 390
+1 1
-3 1
+4 1
-1 2
+4 6
cfn=(100)
calls=1 1681 
* 328
+3 1
-3 1
+3 1
+12 9
+2 6
+44 3
+1 21
-1 3
+1 15
cfn=(106)
calls=3 916 
* 6542
* 3
2192 4
cfi=(10)
cfn=(20)
calls=2 28 
* 121
* 2
+2 2
-2 2
+2 2
+7 8
+35 4
+1 30
cfn=(128)
calls=2 1945 
* 1848
* 6
+6 12
687 2
2244 2
687 4
2322 4
-97 10
+21 4
+6 8
+2 6
+4 4
cfi=(39) /usr/src/debug/glibc-2.17-c758a686/elf/dl-cache.c
cfn=(132) _dl_load_cache_lookup
calls=2 185 
* 2889
+2 2
-2 2
+2 2
+5 6
+8 4
+28 20
cfn=(100)
calls=2 1681 
* 1218
+3 2
-3 2
+3 4
+1 4
-79 14
687 2
2227 2
687 4
2205 2
+8 10
-7 4
-1 2
+8 16
-3 6
687 2
2211 2
687 4
2119 45
+3 6
+2 6
-1 12
+1 6
cfi=(19) /usr/src/debug////////glibc-2.17-c758a686/string/../sysdeps/x86_64/strcmp.S
cfn=(54) strcmp
calls=6 134 
* 105
* 12

fn=(64) _dl_init_paths
710 1
+15 2
-15 8
+15 3
cfi=(24) /usr/src/debug/glibc-2.17-c758a686/elf/dl-hwcaps.c
cfn=(66) _dl_important_hwcaps
calls=1 39 
* 333
+5 1
-5 1
+5 1
cfi=(17)
cfn=(40)
calls=1 93 
* 34
* 1
+1 1
-1 1
-1 1
+2 1
+8 1
-1 1
+1 1
-1 4
+5 4
cfi=(17)
cfn=(40)
calls=1 93 
* 34
* 1
+2 1
-2 1
-1 1
+3 1
+7 1
+10 1
+9 1
-20 1
+12 1
-1 1
+3 1
+1 1
-1 1
+6 9
+1 10
+2 2
-12 1
+12 1
-14 1
+2 1
+3 1
-2 1
+3 1
-1 8
+1 3
+6 11
-1 2
+14 1
-11 1
+6 1
+1 1
+5 2
+4 3
+32 4
+8 3
cfi=(25)
cfn=(70)
calls=1 40 
* 115
* 2
+2 2
cfi=(10)
cfn=(20)
calls=1 28 
* 86
* 8
cfi=(18)
cfn=(46)
calls=1 61 
* 31
* 1
+17 3
-1 2
+3 1
+1 3
+1 1
-4 3
+2 26
+1 78
+1 26
-4 79
+8 1
cfi=(17)
cfn=(40)
calls=1 93 
* 34
* 1
+1 1
-2 1
+2 1
+6 7
cfn=(72)
calls=1 489 
* 920
+4 3
+6 1
+4 8
-72 1
-2 1
+2 2
+11 2
-46 2

fl=(2)
fn=(50)
917 12

fn=(82) handle_ld_preload
970 7
+1 1
-1 1
-75 1
+86 1
-11 1
-75 6
+80 3
fi=(28) /usr/src/debug/glibc-2.17-c758a686/elf/../string/bits/string2.h
+9 3
+1 5
-1 264
+1 132
+1 66
-2 66
+2 66
-2 199
+2 1
-2 3
fe=(2)
-5 3
+10 4
108 3
992 2
890 1
+5 5
-10 1
+4 1
+1 1
+1 1
+2 1
+2 1
cfi=(29) /usr/src/debug/glibc-2.17-c758a686/elf/dl-error.c
cfn=(86) _dl_catch_error
calls=1 159 
* 2639
+1 2
+8 3
+89 1
-18 3
+21 9
-15 4
cfi=(18)
cfn=(46)
calls=1 61 
* 69
* 1
+1 3

fn=(152) init_tls
803 1
-1 1
-6 1
+2 2
+4 1
+10 2
-4 1
+4 2
cfi=(17)
cfn=(36) calloc
calls=1 102 
* 43
* 1
-1 1
+6 1
-9 1
+11 1
+6 1
-1 1
+1 12
+2 10
+4 1
+2 1
-2 2
-5 10
+12 1
cfi=(27)
cfn=(154) _dl_determine_tlsoffset
calls=1 144 
* 56
+7 1
cfi=(27)
cfn=(156) _dl_allocate_tls_storage
calls=1 349 
* 455
+1 1
-1 1
+1 1
+6 1
+8 1
-8 1
+8 6
+4 2
+3 2

fn=(144) version_check_doit
736 2
+2 4
cfi=(41) /usr/src/debug/glibc-2.17-c758a686/elf/dl-version.c
cfn=(146) _dl_check_all_versions
calls=1 381 
* 4704
* 2
+4 2

fn=(2) _dl_start
441 9
+18 4
fi=(3)
44 1
fe=(2)
459 1
fi=(5) /usr/src/debug/glibc-2.17-c758a686/elf/../sysdeps/x86_64/dl-machine.h
59 3
fi=(3)
-15 1
fe=(2)
488 1
-3 1
fi=(3)
44 1
+17 2
-3 1
-7 1
+5 1
+3 1
+2 1
-3 1
-3 1
-3 2
-5 28
+15 14
-18 42
+18 1
-18 3
+2 40
+5 24
+1 20
+10 5
-18 15
+25 2
+20 4
+1 4
+1 4
+1 4
+2 4
+5 4
+1 4
+1 4
fe=(2)
621 34
fi=(4) /usr/src/debug/glibc-2.17-c758a686/elf/do-rel.h
111 1
-28 1
+28 2
fi=(5)
515 3
fi=(4)
111 2
fi=(5)
515 1
fi=(4)
111 1
fi=(5)
515 27
fi=(4)
111 18
fi=(5)
515 9
fi=(4)
111 9
+13 1
fi=(5)
327 1
fi=(4)
124 2
+13 1
+2 2
-2 1
fi=(5)
281 1
fi=(4)
137 1
fi=(5)
309 1
fi=(4)
137 2
fi=(5)
309 1
fi=(4)
137 8
+2 16
-2 8
fi=(5)
281 8
fi=(4)
137 8
fi=(5)
309 8
fi=(4)
137 16
fi=(5)
309 8
+9 18
+3 9
-3 18
+3 27
+6 54
fi=(3)
53 4
+3 4
+3 4
+1 1
+1 2
fe=(2)
378 1
623 1
378 1
cfi=(6)
cfn=(10)
calls=1 865 
* 23
+1 2
+1 2
+1 2
+1 2
+20 1
+9 1
-9 3
+9 1
-6 1
-3 1
+9 1
cfi=(7) /usr/src/debug/glibc-2.17-c758a686/elf/../elf/dl-sysdep.c
cfn=(12) _dl_sysdep_start
calls=1 86 
* 166675
* 1
+9 4
+3 1
+4 1
-4 1
+4 1
648 9
fi=(5)
416 9
+9 9
fi=(4)
124 28
fe=(2)

fn=(52)
923 12

fn=(92) map_doit
704 2
+2 7
cfi=(23)
cfn=(94)
calls=1 2094 
* 2569
* 1
+2 2

fn=(24) dl_main
1005 1
+19 1
-19 4
2598 1
1005 6
+19 1
+3 1
2598 1
1005 1
+22 1
+4 2
+1 2
+5 2
2591 2
+7 1
-5 1
+5 4
+5 1
cfi=(12) /usr/src/debug/glibc-2.17-c758a686/elf/dl-tunables.c
cfn=(26) _dl_process_tunable_env_entries
calls=1 37 
* 387
* 1
-9 4
+11 2
cfi=(13) /usr/src/debug/glibc-2.17-c758a686/elf/dl-environ.c
cfn=(28) _dl_next_ld_env_entry
calls=1 30 
* 34
* 4
cfi=(13)
cfn=(28)
calls=2 30 
* 378
* 9
+4 48
+1 19
-1 57
+3 4
+6 16
2766 3
+30 3
1045 2
-2 1
+2 1
1241 7
cfi=(15)
cfn=(32)
calls=1 62 
* 244
* 1
+3 1
+1 1
+5 2
-5 1
+1 1
1014 1
1246 1
+4 1
cfi=(15)
cfn=(48)
calls=1 33 
* 34
* 3
+30 1
-3 1
-5 1
+1 1
+2 1
+5 6
+56 2
1011 1
1336 2
-55 24
-1 27
+1 47
-1 2
1383 3
+3 2
+2 2
+2 2
+13 2
+1 8
cfi=(19)
cfn=(54)
calls=1 134 
* 7
* 3
+11 1
-4 1
+1 1
-3 1
+6 1
+6 2
fi=(3)
29 1
+9 2
+6 1
-2 1
+2 2
+7 1
+5 1
+3 1
+2 1
-3 1
-3 1
-3 14
+10 3
-18 9
+8 21
+10 21
-18 63
+2 48
+5 12
+18 3
+67 3
+14 3
+18 2
fe=(2)
1426 2
cfi=(6)
cfn=(10)
calls=1 865 
* 14
+3 2
fi=(20) /usr/src/debug/glibc-2.17-c758a686/elf/setup-vdso.h
24 2
fe=(2)
1451 1
cfi=(21)
cfn=(60)
calls=1 45 
* 93
* 8
1285 3
+1 1
+90 2
+1 2
+1 1
-6 2
+1 1
-37 2
-1 2
+1 4
-1 2
+2 4
+1 1
+3 2
+1 2
-1 2
+1 2
+1 2
+1 6
+1 2
-45 1
+9 1
-9 1
+9 1
-7 1
+25 1
-25 1
-3 1
+10 1
-19 3
+1 1
2693 4
+1 4
cfi=(14)
cfn=(30)
calls=1 319 
* 120
* 2
+2 3
-57 4
cfi=(14)
cfn=(30)
calls=1 319 
* 26
* 2
+7 4
cfi=(14)
cfn=(30)
calls=1 319 
* 80
* 2
+2 3
1456 2
cfi=(23)
cfn=(64)
calls=1 710 
* 1969
+3 3
cfi=(26)
cfn=(76)
calls=1 51 
* 17
+7 1
-7 1
+2 1
+5 1
+3 3
+1 1
+3 1
-3 3
+1 2
+3 1
+5 1
-7 1
+7 1
+1 5
+4 1
+4 1
-2 4
+1 2
+1 3
+5 2
+1 6
+2 2
+1 2
+5 2
+6 4
+1 2
-2 1
1020 1
1688 1
cfi=(27)
cfn=(78) _dl_count_modids
calls=1 111 
* 4
* 1
+8 3
+3 2
+4 3
+7 1
+4 3
+19 3
+16 3
cfi=(32)
cfn=(122) access
calls=1 81 
* 9
* 2
+77 4
+17 3
+1 1
-1 1
+1 2
-1 1
+1 5
cfi=(37) /usr/src/debug/glibc-2.17-c758a686/elf/dl-deps.c
cfn=(124) _dl_map_object_deps
calls=1 147 
* 15851
+1 1
+5 1
-5 3
+2 2
+3 4
+1 4
-1 2
+1 16
-1 8
+4 3
+1 3
+1 1
+2 2
+1 5
-1 5
+1 6
-1 9
1445 3
1735 3
+1 1
-1 2
+1 1
cfn=(82)
calls=1 970 
* 3584
* 1
+1 4
+2 3
1872 1
-1 2
+1 1
+2 1
+2 3
+2 1
-4 1
+4 2
+15 2
+1 3
+13 1
-2 1
+2 1
-2 1
+2 1
-1 1
-1 2
+2 1
cfi=(29)
cfn=(142) _dl_receive_error
calls=1 197 
* 4744
+10 1
+1 1
-1 1
+1 1
+1 1
cfn=(152)
calls=1 803 
* 626
* 1
+2 2
932 1
fi=(109) /usr/src/debug/glibc-2.17-c758a686/elf/../sysdeps/unix/sysv/linux/dl-osinfo.h
86 2
fe=(2)
934 1
fi=(109)
112 1
fe=(2)
943 1
+7 1
-5 1
1926 2
2159 3
+56 1
+4 1
+7 1
-11 1
+4 3
+4 2
+3 1
+8 2
+99 4
+2 1
+5 2
cfi=(27)
cfn=(214) _dl_allocate_tls_init
calls=1 443 
* 238
+4 2
+16 2
+29 1
cfi=(7)
cfn=(216) _dl_sysdep_start_cleanup
calls=1 251 
* 1
+4 3
+20 3
cfi=(26)
cfn=(76)
calls=1 51 
* 8
+1 1
-1 1
+2 1
cfi=(26)
cfn=(80) _dl_debug_state
calls=1 75 
* 1
+1 1
+4 1
cfi=(39)
cfn=(218) _dl_unload_cache
calls=1 316 
* 15
+5 8
-65 2
+15 1
+3 1
-3 1
+3 1
-3 2
+3 2
-3 1
+2 1
+1 1
cfi=(42) /usr/src/debug/glibc-2.17-c758a686/elf/dl-reloc.c
cfn=(158) _dl_relocate_object
calls=1 148 
* 10422
+1 4
+2 3
2280 3
+7 1
+2 11
+2 1
+2 15
+5 10
+2 10
+8 5
-2 5
+2 10
+1 32
cfi=(42)
cfn=(158)
calls=4 148 
* 125947
+4 17
-22 14
+25 4
+2 1
+6 1
-6 1
+6 1
-22 1
+1 1
-3 2
+14 2
cfi=(27)
cfn=(188) _dl_add_to_slotinfo
calls=1 879 
* 24
* 2
2209 1
1013 2
1890 3
-21 2
1708 2
+1 1
cfi=(26)
cfn=(80)
calls=1 75 
* 1
* 1
1830 1
+1 1
-1 7
+4 1
+1 1
-1 1
+2 2

fn=(88) _dl_initial_error_catch_tsd
877 14

fl=(31)
fn=(96)
304 565
+1 226
cfi=(19)
cfn=(54)
calls=113 134 
* 798
* 113
+1 113
-1 113
+3 113
+2 226
+4 114
-4 228
+1 363
cfi=(19)
cfn=(54)
calls=121 134 
* 2205
* 242
-5 7
+11 141
-1 106
+1 424

fn=(134) _dl_sysdep_read_whole_file
43 1
+7 1
-7 3
+7 1
-7 1
+1 1
-1 2
+7 1
cfi=(32)
cfn=(102)
calls=1 +31 
* 5
+1 1
-1 1
+1 1
+2 4
cfi=(33)
cfn=(110)
calls=1 -17 
* 10
* 2
+2 1
+3 1
-3 1
+3 1
+13 2
cfi=(32)
cfn=(120)
calls=1 +10 
* 5
+3 7
-14 6
cfi=(34)
cfn=(112)
calls=1 -28 
* 33
* 2

fl=(7)
fn=(12)
86 7
+25 1
-1 1
+1 1
-25 1
+25 198
+6 1
-3 1
+1 1
-4 1
+3 1
+3 7
+1 3
-1 3
-29 1
-1 2
+31 108
-1 86
fi=(21)
-82 2
cfi=(8) /usr/src/debug/glibc-2.17-c758a686/elf/../sysdeps/unix/sysv/linux/x86_64/brk.c
cfn=(14) brk
calls=1 -4 
* 12
fi=(5)
238 5
fi=(9) /usr/src/debug/glibc-2.17-c758a686/elf/../sysdeps/x86/cpu-features.c
45 2
+3 1
-3 1
+3 5
203 3
+4 2
+2 4
fe=(7)
+17 1
fi=(9)
+23 1
+1 1
+1 1
fe=(7)
-25 1
+1 1
cfi=(10)
cfn=(20)
calls=1 28 
* 35
* 1
+2 2
cfi=(11) /usr/src/debug/glibc-2.17-c758a686/elf/../misc/sbrk.c
cfn=(22) sbrk
calls=1 34 
* 17
* 3
+12 3
+3 6
cfi=(2)
cfn=(24)
calls=1 1005 
* 166045
+1 1
+1 8
-95 1
+1 1
+27 1
+1 1
-17 1
+1 1
-7 1
+1 1
-4 1
+1 1
-25 1
+1 1
-4 1
+1 1
-7 1
+1 1
+2 1
+1 1
fi=(9)
+71 8
+17 2
+1 1
+6 3
+2 1
+3 3
+16 2
+1 1
+2 2
59 1
-31 2
+4 1
-4 1
+5 1
-1 1
+31 1
-30 1
+30 1
-31 1
+27 1
-26 1
+26 1
+4 1
+1 1
-36 2
+3 1
+33 1
+5 2
+86 3
+1 3
+4 3
+1 2
+32 2
72 1
+1 8
+74 2
fe=(7)

fn=(216)
251 1

fl=(1) ???
fn=(0) 0x0000000000001170
0 2
cfi=(2)
cfn=(2)
calls=1 441 
0 167384
0 14
cfi=(60) /usr/src/debug/glibc-2.17-c758a686/elf/dl-init.c
cfn=(224) _dl_init
calls=1 90 
0 2306
0 3
cob=(6)
cfi=(69)
cfn=(272) 0x0000000000400d05
calls=1 0 
0 11074742503

fl=(6)
fn=(166) do_lookup_x
82 1089
+1 121
-6 121
+5 363
-5 847
+11 121
+1 121
233 121
-3 121
+3 121
-3 363
98 121
-3 121
+1 121
+2 121
+3 121
-3 121
+3 121
-3 374
-3 374
+1 374
+2 374
+3 374
-3 374
+3 374
+4 1006
+4 986
+4 986
+7 1479
+4 986
+1 1479
226 493
+1 986
+4 512
-2 256
+5 1024
+4 512
-1 512
+1 256
-1 512
+21 150
+24 768
462 2106
+1 385
cfi=(31)
cfn=(96)
calls=77 304 
* 3612
* 462
+3 1158
+3 24
287 816
+4 260
+13 109
+1 109
-1 109
+1 109
+1 109
470 968
241 440
-1 220
+2 220
+2 327
+10 309
-7 1045
+2 212
+1 424
-1 636
+1 318
cfn=(170) check_match.9513
calls=106 132 
* 16988
+1 530
+11 1412
+6 1206
+2 3028
-2 757
+2 757
-2 757
+4 5320
cfn=(170)
calls=760 132 
* 23899
+1 3803
-10 121
fi=(43) /usr/src/debug/glibc-2.17-c758a686/elf/../sysdeps/generic/dl-hash.h
32 121
-1 121
+1 605
+2 242
+1 363
+2 242
+1 363
+2 242
+1 363
+2 112
+1 112
-1 112
+2 336
+3 2901
+1 1934
+13 1934
-17 2901
+22 672
fe=(6)
263 224
fi=(43)
67 45
fe=(6)
263 18

fn=(170)
132 6062
+1 1732
+2 1732
+2 1188
-2 792
+12 1188
+3 2076
cfi=(19)
cfn=(54)
calls=321 -16 
* 5738
* 642
+5 109
-1 109
+1 109
-1 109
+1 109
+2 214
+19 214
+1 856
+46 654
-18 4
+2 4
+1 8
-1 4
+1 2
-1 4
+9 287
+7 4542
-45 321
cfi=(19)
cfn=(54)
calls=107 -44 
* 9300
* 428
-43 940
+81 1410

fn=(10)
865 15
+4 3
+4 6
+2 3
-1 3
+4 3
+4 3
-4 3
+1 6
+2 3
-2 3
+3 3
+2 3
+1 3
+1 12
+1 3
+3 6
+2 2
+2 2
+2 2
+1 2
+1 2
-4 2
+4 4

fn=(164) _dl_lookup_symbol_x
716 1452
477 121
716 242
477 363
-1 242
+2 121
-1 121
+1 363
-1 363
+1 1442
-1 1442
+1 4326
-1 4568
718 121
+4 121
+9 121
-13 121
+15 121
-14 242
+14 121
-2 121
+6 968
+2 1573
cfn=(166)
calls=121 82 
* 106905
+3 242
+3 12
-8 48
-7 242
+40 242
+24 109
+1 763
+26 109
+9 545
+14 327
+3 436
+5 109
+2 968
-82 84
+18 12
+1 24
+54 2

fl=(10)
fn=(20)
28 18
+1 18
+1 18
+1 18
+2 8
+1 8
+2 8
+1 8
-1 26
+1 26
+1 33
+1 33
+1 33
+2 34
+5 17
+1 17
+1 17
+1 17
+3 17
-6 6
+1 6
+1 6
+1 6
+3 6
+1 19
+1 19
+1 19
+2 19
+3 15
+1 15
+1 15
+1 15
+3 15
+1 14
+1 14
+1 14
+2 14
+3 12
+1 12
+1 12
+1 12
+3 12
+1 8
+1 8
+1 8
+2 8
+3 6
+1 6
+1 6
+1 6
+3 6
+1 6
+1 6
+1 6
+2 6
+3 17
+2 17
+1 17
+1 12
+2 12
+1 12
+1 12
+2 12
+1 12
+1 10
+2 10
+1 10
+1 6
+2 6
+2 6
+1 6
+1 5
+2 5
+1 5
+1 2
+2 2
+1 2
+3 18
+1 18

fl=(41)
fn=(148) _dl_check_map_versions
174 45
+15 5
-15 10
+15 10
+2 5
+3 5
-3 5
+2 5
+1 5
+2 5
-3 5
+3 5
+3 12
+4 18
+17 3
56 3
220 3
56 3
220 3
56 15
220 1
56 1
220 1
56 1
220 1
56 5
+1 14
-1 28
+2 54
cfi=(31)
cfn=(96)
calls=18 304 
* 1240
* 40
228 12
+5 32
+20 4
-16 103
cfn=(150) match_symbol
calls=3 76 
* 528
* 15
cfn=(150)
calls=5 76 
* 919
* 8
+8 32
+3 32
+9 16
+5 1
+1 1
-80 2
-8 2
+96 15
+3 9
+10 28
-7 112
+3 84
-3 12
+3 9
+8 5
+86 5
-86 5
+87 8
-81 16
cfi=(17)
cfn=(36)
calls=4 102 
* 220
* 4
+1 4
-2 4
+2 4
+11 4
-3 4
+3 8
+2 12
+3 12
+4 12
+18 4
-15 12
+2 12
-2 12
+2 12
+2 8
+1 8
-1 16
+1 8
-1 8
+1 8
+1 8
-2 8
+2 16
+1 24
+3 24
+8 12
+5 1
+1 1
+4 12
+3 12
+20 28
-14 28
-2 28
+2 31
-2 3
+2 3
+4 28
+2 28
-1 56
+1 28
-1 84
+1 28
+1 28
+3 93
+10 4
-1 4
+1 28

fn=(150)
76 88
+9 8
-8 8
-1 16
+1 8
+8 8
+6 24
+18 16
+5 16
+14 122
+12 159
+4 53
-30 106
+16 8
+3 32
cfi=(19)
cfn=(54)
calls=8 +1 
* 695
* 16
+35 64

fn=(146)
381 6
+4 4
-2 2
+4 35
cfn=(148)
calls=5 174 
* 4615
-2 5
+2 15
-1 5
-1 10
+5 7

fl=(14)
fn=(30)
319 17
+3 17
-3 85
+4 17
-4 17
+7 34
+4 15
+2 1
+1 1
+1 1
+1 1
+2 2
-5 1
+1 1
+1 1
+1 1
+2 2
+2 2
-9 6
+16 5
+1 10
-1 10
133 14
-18 6
350 4
+4 3
+2 3
-2 6
+1 3
+5 30
+2 13
+1 13
+1 13
+3 143
-3 81
-2 81
+1 81
+4 162
-7 182
+12 12
+1 136
232 3
-7 3
+1 3
+4 3
+2 3
-6 3
+4 3
+2 15
-95 2
+1 2
+1 2
+1 2
+1 2
+48 2
-2 2
+1 2
+1 14
-80 2
+1 4
+4 4
-5 8
+1 16
+4 18
238 3
+2 3
-4 3
+1 3
+4 3
-2 3
+56 6
-2 3
+2 6
-1 3
+1 6
+1 6
+12 18
+1 6
-6 6

fl=(71) /usr/src/debug/glibc-2.17-c758a686/elf/../elf/dl-runtime.c
fn=(284) _dl_fixup
68 24
+6 24
-6 12
+3 12
-1 12
+1 12
+3 12
+1 12
-1 24
+1 36
+1 12
-1 12
+1 24
+9 24
+4 36
+4 22
+1 44
+2 44
+7 36
-1 12
+11 108
cfi=(6)
cfn=(164)
calls=12 716 
* 14243
* 12
+4 36
+10 72
+16 12
-8 12
+8 36
+4 36
fi=(5)
250 12
fe=(71)
-99 36
-64 2

fl=(34)
fn=(112)
32 11
+1 11
-1 99
+1 27
+1 110
+2 77
-3 26

fl=(11)
fn=(22)
34 4
+8 6
+4 2
+11 5

fl=(15)
fn=(48)
33 8
+2 4
-2 12
+2 4
cfi=(2)
cfn=(50)
calls=4 917 
* 8
+2 29
+4 6
-1 27
+2 3
+2 3
+4 3
+4 3
-4 6
+1 6
+1 6
+2 3
+1 9
-1 3
cfi=(2)
cfn=(52)
calls=3 923 
* 6
-4 1
+4 1
-4 2
+1 2
+1 2
+2 1
+1 3
-1 1
cfi=(2)
cfn=(52)
calls=1 923 
* 2
-5 2

fn=(32)
62 44
+1 4
-1 8
+1 4
cfi=(10)
cfn=(20)
calls=4 -35 
* 228
+6 4
-6 12
+6 44
+7 16
cfi=(17)
cfn=(36)
calls=4 +26 
* 225
* 4
+3 4
-3 4
+3 4
+4 4
+5 4
-6 4
+6 4
-5 4
+5 4
-1 8
+1 4
cfi=(18)
cfn=(46)
calls=4 -27 
* 120
* 4
+4 4
-2 4
+3 4
-1 4
+1 16
+3 4
-3 4
+3 4
+9 4
-7 4
+4 4
+3 9
+2 2
-2 2
+2 30
-2 30
+12 4
+6 4
-5 4
-1 4
+6 12
-2 4
+2 8
+2 9
+3 9
+4 9
+4 9
+2 1
+6 1
+3 2
+3 5
-3 6
+3 15
+2 3
+4 3
-4 3
cfi=(10)
cfn=(20)
calls=3 28 
* 165
* 6
+4 3
-4 3
+4 9
+64 6
+4 32
-88 9
-39 9
+39 3
+70 9
cfi=(18)
cfn=(68)
calls=3 61 
* 108
* 3
+5 50
+1 50
-1 50
+1 53
-1 3
+1 9
+5 6
-57 6
cfi=(17)
cfn=(40)
calls=3 -67 
* 102
* 3
+1 3
-1 3
+1 9

fl=(30) /usr/src/debug////////glibc-2.17-c758a686/setjmp/../sysdeps/x86_64/setjmp.S
fn=(90) __sigsetjmp
26 6
+9 6
+1 12
+1 6
+4 6
+1 6
+1 6
+1 6
+1 6
+2 12
+2 6
+1 6
+1 6
+2 12
+2 6
+4 6
+1 6

fl=(42)
fn=(158)
148 50
+15 5
-15 10
+15 5
+1 20
+6 10
+6 15
-18 6
+22 6
+8 10
-33 5
+78 5
fi=(5)
79 5
fe=(42)
233 10
fi=(5)
79 15
fe=(42)
259 224
159 15
fi=(5)
316 24
fe=(42)
-57 3
fi=(4)
48 3
fe=(42)
259 3
fi=(4)
58 3
fe=(42)
259 3
fi=(4)
47 6
+11 6
fe=(42)
259 2
159 10
fi=(5)
316 16
fe=(42)
-57 2
fi=(4)
48 2
fe=(42)
259 2
fi=(4)
58 2
fe=(42)
259 2
fi=(4)
47 4
+11 4
fe=(42)
259 5
fi=(4)
48 5
fe=(42)
259 5
fi=(4)
58 5
fe=(42)
259 5
fi=(4)
47 10
+11 10
+3 12
fi=(5)
525 78
+4 78
+2 117
+1 39
fi=(4)
61 150
+2 153
+2 38
-4 3
+13 6
+1 5
+1 24
fi=(5)
525 12
+24 12
fi=(4)
75 12
fi=(5)
549 12
+2 12
cob=(4)
cfi=(55)
cfn=(212) sin
calls=1 0 
* 8
cob=(4)
cfi=(55)
cfn=(210) __atan2_finite
calls=1 0 
* 8
cob=(4)
cfi=(57) /usr/src/debug/glibc-2.17-c758a686/math/../sysdeps/x86_64/fpu/multiarch/e_asin.c
cfn=(208) __asin_finite
calls=1 16 
* 5
cob=(4)
cfi=(59) /usr/src/debug////////glibc-2.17-c758a686/math/../sysdeps/x86_64/fpu/multiarch/s_floor.S
cfn=(206) floor
calls=1 25 
* 5
cob=(4)
cfi=(58) /usr/src/debug////////glibc-2.17-c758a686/math/../sysdeps/x86_64/fpu/multiarch/s_floorf.S
cfn=(204) floorf
calls=1 25 
* 5
cob=(4)
cfi=(57)
cfn=(202) __acos_finite
calls=1 10 
* 5
cob=(4)
cfi=(56) /usr/src/debug////////glibc-2.17-c758a686/math/../sysdeps/x86_64/fpu/multiarch/s_rintf.S
cfn=(200) rintf
calls=1 25 
* 5
cob=(4)
cfi=(55)
cfn=(198) __log_finite
calls=1 0 
* 8
cob=(4)
cfi=(54) /usr/src/debug/glibc-2.17-c758a686/math/../sysdeps/x86_64/fpu/multiarch/e_pow.c
cfn=(196) __pow_finite
calls=1 8 
* 5
cob=(4)
cfi=(53) /usr/src/debug////////glibc-2.17-c758a686/math/../sysdeps/x86_64/fpu/multiarch/s_rint.S
cfn=(194) rint
calls=1 25 
* 5
cob=(4)
cfi=(52) /usr/src/debug/glibc-2.17-c758a686/math/../sysdeps/x86_64/fpu/multiarch/s_sin.c
cfn=(192) cos
calls=1 20 
* 8
cob=(4)
cfi=(51) /usr/src/debug/glibc-2.17-c758a686/math/../sysdeps/x86_64/fpu/multiarch/e_exp.c
cfn=(190) __exp_finite
calls=1 15 
* 8
fi=(4)
75 12
fi=(5)
552 12
fi=(4)
75 14
fe=(42)
259 3
fi=(4)
75 9
fe=(42)
259 27
+3 15
+32 5
+3 10
+17 15
+2 40
fi=(4)
84 7
+2 14
+12 7
-15 7
+15 7
-15 7
+15 7
+10 10
+3 13
fi=(5)
515 9
fi=(4)
111 12
fi=(5)
515 3579
fi=(4)
111 4772
+7 21
+3 6
+3 6
-3 6
+3 6
-74 4
fi=(5)
442 4
fi=(4)
51 4
fi=(5)
442 16
fi=(4)
127 504
+9 238
+3 238
fi=(5)
284 119
fi=(4)
138 119
-2 119
+1 476
fi=(5)
284 119
+21 238
+4 238
+7 1538
fi=(4)
137 91
fi=(5)
316 182
fi=(4)
137 91
fi=(5)
316 91
fi=(4)
138 91
fi=(5)
316 182
fi=(4)
137 91
fi=(5)
316 286
fi=(4)
137 13
fi=(5)
316 26
fi=(4)
137 13
fi=(5)
316 13
fi=(4)
138 13
fi=(5)
316 26
fi=(4)
137 13
fi=(5)
316 1287
cfi=(6)
cfn=(164)
calls=104 716 
* 110318
* 416
+2 321
+3 111
-3 222
+3 333
+6 833
fe=(42)
177 10
+1 2
+2 4
+79 10
fi=(5)
85 6
+4 9
+14 3
-8 3
+8 6
+20 9
+26 12
435 208
fi=(4)
124 390
+19 8
+1 26
+1 21
+3 14
+4 14
-1 7
-3 7
+1 7
+1 7
-1 14
fi=(5)
316 28
+2 7
+3 7
-3 7
+3 21
488 14
+1 7
cob=(3) /usr/lib64/libc-2.17.so
cfi=(50) ???
cfn=(186) memcpy@GLIBC_2.2.5
calls=1 0 
* 15
cob=(3)
cfi=(49) /usr/src/debug/glibc-2.17-c758a686/time/../sysdeps/unix/sysv/linux/x86_64/gettimeofday.c
cfn=(184) gettimeofday
calls=1 30 
* 22
cob=(3)
cfi=(48) /usr/src/debug////////glibc-2.17-c758a686/string/../sysdeps/x86_64/multiarch/memset.S
cfn=(182) memset
calls=1 27 
* 8
cob=(3)
cfi=(44) /usr/src/debug////////glibc-2.17-c758a686/string/../sysdeps/x86_64/multiarch/strcmp.S
cfn=(180) strncasecmp
calls=1 120 
* 5
cob=(3)
cfi=(47) /usr/src/debug////////glibc-2.17-c758a686/string/../sysdeps/x86_64/multiarch/strnlen.S
cfn=(178) strnlen
calls=1 30 
* 5
cob=(3)
cfi=(45) /usr/src/debug/glibc-2.17-c758a686/time/../sysdeps/unix/sysv/linux/x86_64/time.c
cfn=(174) time
calls=1 36 
* 22
cob=(3)
cfi=(44)
cfn=(172) strcasecmp
calls=1 100 
* 5
+1 14
316 36
fi=(4)
129 26
fi=(5)
316 26
+91 36
+4 60
+5 60
-71 2
+1 3
471 6
+4 12
cfi=(18)
cfn=(46)
calls=2 61 
* 36
+2 6
+1 2
fi=(4)
108 3
fe=(42)
322 10
+1 5
+1 5
-1 5
-1 10
+2 5
+3 10
+1 15
cfi=(35)
cfn=(114)
calls=5 81 
* 25
* 10
fi=(5)
132 6
+2 6
316 14
fi=(4)
129 3
+31 8
+2 20
+8 10
+1 5
-1 5
+1 5
fi=(5)
284 5
fi=(4)
170 10
fi=(5)
284 5
+21 10
+4 10
+7 135
cfi=(6)
cfn=(164)
calls=5 716 
* 5414
* 20
+2 15
+3 1
-3 2
+3 3
+6 35
435 15
fi=(4)
160 15
+14 5
fi=(5)
316 20
139 18
316 60
fe=(42)

fl=(13)
fn=(28)
30 3
+3 11
+2 126
+11 61
-13 183
-2 1
+19 1
-14 18
+5 2
-3 2
+3 2
+2 2

fl=(24)
fn=(66)
39 8
+2 1
-2 1
+3 1
-3 2
+3 1
-3 1
+2 3
+1 2
+9 1
-10 1
+10 2
+10 4
+42 1
+4 1
-1 8
+30 2
+8 2
+2 3
+1 2
+1 2
+3 2
+7 1
-7 1
+1 1
+7 1
-1 1
+4 3
+1 1
-1 6
+1 1
+18 12
+1 4
cfi=(17)
cfn=(40)
calls=1 -89 
* 34
* 1
+1 1
-1 1
+1 4
+26 1
+3 1
-3 2
+3 1
+28 9
+1 2
-1 2
+1 6
-1 8
+5 6
+3 1
-3 1
+3 2
-3 1
+3 1
-3 2
+3 1
-3 1
+3 2
-3 1
+3 3
+1 12
+1 4
-1 4
+1 8
-2 4
+1 8
-1 14
+4 4
+3 1
+2 2
-1 1
-1 2
+2 10
+13 2
+1 1
-1 1
+3 2
-3 2
+1 1
-1 1
+3 2
+3 3
+3 9
-65 4
cfi=(18)
cfn=(68)
calls=1 61 
* 22
+1 2
-1 2
+1 1
cfi=(18)
cfn=(68)
calls=1 61 
* 22
* 4

fl=(22)
fn=(62)
81 4
+1 1

fl=(19)
fn=(54)
134 677
+1 677
+1 677
+1 363
+1 363
+1 363
+1 363
cfn=(55) strcmp'2
calls=363 -6 
* 14109
+5 314
+1 314
+1 314
+1 314

fn=(55)
134 1971
+1 1971
+1 1971
+1 1764
+1 1764
+1 1764
+1 1764
cfn=(55)
calls=1608 -6 
* 66573
+2 156
+1 156
+2 207
+1 207
+1 207
+1 207

fl=(39)
fn=(218)
316 4
-1 1
+3 2
cfi=(35)
cfn=(220) munmap
calls=1 81 
* 5
+1 1
+2 2

fn=(136) _dl_cache_libcmp
139 63
+1 46
+2 212
+2 106
-2 106
+2 4
+6 2
+2 2
-1 2
-1 2
+1 2
-1 2
+2 6
+2 10
+2 4
+6 208
+2 378
+4 85
+1 85
-29 170
+32 4
+1 4
-8 19
+8 38

fn=(132)
185 18
+8 4
+3 6
+45 5
+6 2
-6 1
+6 2
+8 2
+20 2
-20 2
+7 2
-7 4
+20 2
-13 4
-7 2
+7 2
+13 302
cfn=(136)
calls=19 139 
* 1416
* 85
-76 4
cfi=(31)
cfn=(134)
calls=1 43 
* 94
+8 1
-8 1
+8 4
+1 4
cfi=(14)
cfn=(30)
calls=1 319 
* 112
* 2
+7 1
-3 1
+3 3
+3 1
+1 2
-1 1
+1 1
+1 3
cfi=(14)
cfn=(30)
calls=1 +99 
* 111
* 2
+2 2
+53 26
cfn=(136)
calls=2 139 
* 144
* 8
-12 6
+12 2
-12 4
-1 4
+13 46
+16 4
+4 4
+8 6
cfi=(10)
cfn=(20)
calls=2 28 
* 102
* 4
+1 2
-1 6
+1 2
-1 2
+1 4
cfi=(18)
cfn=(46)
calls=2 61 
* 54
+1 4
cfi=(40) /usr/src/debug/glibc-2.17-c758a686/string/strdup.c
cfn=(138) strdup
calls=2 40 
* 226
+1 16

fl=(12)
fn=(26)
37 1
-8 1
+8 1
+1 4
+4 126
+15 63
-19 189
+22 2

fl=(25)
fn=(70)
40 10
+1 10
+1 10
+1 10
+1 7
+1 7
+3 7
+1 7
+1 7
-2 29
+1 29
+1 29
+1 36
+1 36
+1 36
+1 36
+1 36
+9 10
+1 10
+1 10
+2 20
+32 10
+1 10
+1 10
+1 10
+2 10
+3 10
-8 2
+1 2
+1 2
+1 2
+2 2
+3 2
+1 12
+1 12
+1 12
+2 12
+5 11
+1 11
+1 11
+3 11
+1 10
+1 10
+1 10
+2 10
+3 6
+1 6
+1 6
+1 6
+2 6
+3 6
+1 6
+1 6
+1 6
+2 6
+5 6
+1 6
+1 6
+3 6
+1 6
+1 6
+1 6
+2 6
+2 4
+1 4
+1 4
+1 4
+2 4
+3 4
+1 4
+1 4
+1 4
+2 4
+5 4
+1 4
+1 4
+3 4
+1 4
+1 4
+1 4
+2 4
+2 2
+1 2
+1 2
+1 2
+2 2
+3 2
+1 2
+1 2
+1 2
+2 2
+5 2
+1 2
+1 2
+3 2
+1 2
+1 2
+1 2
+2 2
+4 9
+1 9
+11 1
+1 1
+1 1
+1 1
+47 1
+1 1

fl=(60)
fn=(224)
90 10
+5 1
-4 1
-1 1
+2 1
+3 2
+7 6
+28 3
+1 4
-97 3
+97 16
-97 12
+9 4
-3 8
+3 12
+5 9
+5 4
+8 4
+2 4
+4 8
cob=(2)
cfi=(16)
cfn=(258)
calls=1 -67 
* 6
cob=(3)
cfi=(62) /usr/src/debug/glibc-2.17-c758a686/csu/../csu/init-first.c
cfn=(238) _init
calls=1 -15 
* 148
+4 2
+1 4
+6 4
+2 4
-2 2
+3 12
+1 8
cob=(4)
cfi=(55)
cfn=(262) 0x0000000000005730
calls=1 -82 
* 16
cob=(3)
cfi=(67) /usr/src/debug/glibc-2.17-c758a686/string/../sysdeps/x86_64/cacheinfo.c
cfn=(248) init_cacheinfo
calls=1 478 
* 1879
* 2
-1 8
+49 10
+4 1
+1 8
-86 4
-15 3
+9 1
-3 2
+3 3
+5 3
+5 2
+8 2
+2 2
+4 5
cob=(2)
cfi=(16)
cfn=(226)
calls=1 -67 
* 6
* 1
+4 1
+1 2
+6 2
+2 2
-2 1
+3 6
+1 4
cob=(5)
cfi=(61)
cfn=(230) 0x0000000000000640
calls=1 -82 
* 17
* 1
-1 4
+17 2
-54 3

fl=(17)
fn=(36)
102 10
+7 30
-3 10
+3 20
+4 10
cfn=(40)
calls=10 -20 
* 441
* 10

fn=(40)
93 26
+1 52
cfn=(44) __libc_memalign
calls=26 -43 
* 881
* 26

fn=(44)
51 108
+1 133
+11 26
+1 26
-1 26
+3 26
-3 26
+3 52
-3 1
+1 1
-1 1
+3 1
-3 1
+3 98
+4 12
+1 9
+6 21
cfi=(34)
cfn=(112)
calls=3 -45 
* 99
+2 15
+4 9
+3 3
+1 3
+2 15
-3 24
+1 24
+2 192
-31 3
+1 1
-2 3

fn=(74)
340 3
+1 6
+4 64
+7 156
-2 106
+4 2
+6 26
-15 79
+18 1
+4 1
-4 1
+4 2
-11 2
+1 1

fl=(40)
fn=(138)
40 8
+1 2
cfi=(10)
cfn=(20)
calls=2 -13 
* 68
* 2
+1 4
cfi=(17)
cfn=(40)
calls=2 +51 
* 68
* 2
+2 4
+4 2
-1 4
+1 4
-1 4
cfi=(18)
cfn=(46)
calls=2 +14 
* 54

fl=(8)
fn=(14)
31 1
-3 1
+3 6
+8 1
-6 2
+7 1

fl=(29)
fn=(86)
159 42
+9 6
+2 6
cfi=(2)
cfn=(88)
calls=6 877 
* 12
* 6
+1 6
+2 12
-2 6
+2 6
cfi=(30)
cfn=(90)
calls=6 26 
* 120
+1 12
+2 12
+1 12
-1 6
+1 6
cfi=(37)
cfn=(126) openaux
calls=5 60 
* 13240
cfi=(2)
cfn=(92)
calls=1 704 
* 2581
+1 6
+4 6
-4 6
+1 12
+1 12
+1 12
+10 24

fn=(142)
197 10
+1 1
cfi=(2)
cfn=(88)
calls=1 877 
* 2
+5 1
-1 1
-4 1
+9 1
+2 1
-3 1
+3 1
cfi=(2)
cfn=(144)
calls=1 736 
* 4714
+2 1
+1 1
+1 8

fl=(26)
fn=(80)
75 2

fn=(76)
51 10
+5 8
+5 2
-1 1
+1 2
+1 2
-1 2
-9 5
+4 10
+4 1
-1 1
-59 5

fl=(33)
fn=(110)
36 4
-1 4
+1 4
+1 24
+4 4

fl=(38)
fn=(130)
36 8
-1 8
+1 8
+1 48
+4 2
-4 24

fl=(32)
fn=(102)
81 56
+1 4
+1 50

fn=(104)
81 12
+1 3

fn=(122)
81 4
+2 5

fn=(120)
81 16
+1 4

fl=(37)
fn=(126)
60 10
+7 5
-4 15
+1 5
-1 5
+1 5
-1 25
cfi=(23)
cfn=(94)
calls=5 2094 
* 13155
* 5
+5 10

fn=(124)
147 1
+1 1
-1 2
+1 1
-1 1
+1 1
-1 1
+1 2
-1 5
+1 1
-1 1
+1 2
+16 1
-2 1
+1 1
-15 1
+16 1
+6 3
+10 1
-10 1
+10 3
-14 1
-4 1
+2 1
+17 1
-17 1
-2 2
+2 1
-2 1
+2 1
-2 1
+1 1
+1 1
+6 3
+10 1
-10 1
+10 3
-16 3
+20 1
+21 1
+1 1
-22 2
+19 1
-12 1
+15 1
-16 1
+13 1
347 9
211 1
+8 1
-4 1
+4 1
-8 4
+8 4
-4 4
+4 4
+12 10
+2 3
+11 3
-5 3
-6 6
+5 3
+2 6
+1 6
+3 12
-32 3
+32 6
+50 10
+1 9
-51 316
+1 158
+6 25
cfi=(25)
cfn=(70)
calls=5 40 
* 377
* 10
+5 25
-3 5
+3 5
cfi=(29)
cfn=(86)
calls=5 -97 
* 13530
+2 15
+15 5
+2 10
+5 3
+6 3
+4 3
-10 6
+3 3
+1 3
+6 3
-5 3
+1 3
+4 3
-2 3
+2 6
-2 9
-57 8
-19 2
475 10
+2 9
+3 6
-1 3
cfi=(17)
cfn=(40)
calls=3 93 
* 102
* 3
+2 3
-2 3
+2 3
+3 3
+1 18
cfi=(18)
cfn=(46)
calls=3 61 
* 68
+1 15
cfi=(18)
cfn=(46)
calls=3 61 
* 68
+4 3
-1 3
+5 20
+3 12
-1 5
+1 10
204 1
501 6
+1 2
+3 6
+11 3
-1 1
cfi=(17)
cfn=(40)
calls=1 93 
* 34
* 1
+3 1
-3 1
+3 1
+5 6
+1 1
-1 3
+3 12
+6 12
+4 4
-10 4
+10 4
-10 9
+6 3
+4 1
-10 1
+10 1
-10 3
+13 2
+53 4
+43 2
+1 1
-1 6
+1 1
cfi=(36)
cfn=(116)
calls=1 30 
* 16
* 1
-2 10
+13 1
-6 1
-1 1
+1 1
+6 2
-13 9
+13 3
-6 3
-1 3
+1 3
+6 9
+2 12
+1 6
-1 12
+1 9
+3 21
-1 30
+23 6
-28 12
+31 12
+3 30
cfi=(36)
cfn=(116)
calls=3 30 
* 30
* 21
219 10
+1 22
+2 3
+2 9
+2 26
663 2
+25 2
+2 1
+1 1
-1 1
+9 3
+3 2
+3 8
297 222
628 9
cfi=(18)
cfn=(46)
calls=1 61 
* 42
+2 3

fl=(70) /usr/src/debug////////glibc-2.17-c758a686/elf/../sysdeps/x86_64/dl-trampoline.h
fn=(280) _dl_runtime_resolve_avx_slow
70 1
+1 1
+1 1
+1 1
+1 1
+1 1
+1 1
+1 1
+1 1
+3 1
+3 1
+3 1
cfn=(282) _dl_runtime_resolve_sse_vex
calls=1 +84 
* 11074742475

fn=(281) _dl_runtime_resolve_avx_slow'2
70 11
+1 11
+1 11
+1 11
+1 11
+1 11
+1 11
+1 11
+1 11
+3 11
+3 11
+3 11
cfn=(283) _dl_runtime_resolve_sse_vex'2
calls=11 +84 
* 77514

fn=(282)
171 1
+3 1
+1 1
+1 1
+1 1
+1 1
+1 1
+1 1
+1 1
+1 1
+1 1
+1 1
+1 1
+1 1
+1 1
+1 1
+5 1
+1 1
+1 1
+1 1
+14 1
+1 1
+1 1
cfi=(71)
cfn=(284)
calls=1 68 
* 1490
+1 1
+5 1
+1 1
+1 1
+1 1
+13 1
+1 1
+1 1
+1 1
+1 1
+1 1
+1 1
+1 1
+1 1
+1 1
+1 1
+1 1
+1 1
+1 1
+1 1
+8 1
+3 1
cob=(3)
cfi=(72) /usr/src/debug/glibc-2.17-c758a686/csu/../csu/libc-start.c
cfn=(288) (below main)
calls=1 134 
* 11074740940

fn=(283)
171 11
+3 11
+1 11
+1 11
+1 11
+1 11
+1 11
+1 11
+1 11
+1 11
+1 11
+1 11
+1 11
+1 11
+1 11
+1 11
+5 11
+1 11
+1 11
+1 11
+14 11
+1 11
+1 11
cfi=(71)
cfn=(284)
calls=11 68 
* 13573
+1 11
+5 11
+1 11
+1 11
+1 11
+13 11
+1 11
+1 11
+1 11
+1 11
+1 11
+1 11
+1 11
+1 11
+1 11
+1 11
+1 11
+1 11
+1 11
+1 11
+8 11
+3 11
cob=(3)
cfi=(106) /usr/src/debug/glibc-2.17-c758a686/stdlib/cxa_finalize.c
cfn=(610) __cxa_finalize
calls=2 30 
* 106
cob=(3)
cfi=(104) /usr/src/debug/glibc-2.17-c758a686/stdlib/exit.c
cfn=(578) exit
calls=1 99 
* 3542
cob=(3)
cfi=(103) /usr/src/debug/glibc-2.17-c758a686/libio/putc.c
cfn=(548) putc
calls=1 27 
* 249
cob=(3)
cfi=(79) /usr/src/debug/glibc-2.17-c758a686/malloc/malloc.c
cfn=(478) free
calls=1 2922 
* 85
cob=(3)
cfi=(101) /usr/src/debug/glibc-2.17-c758a686/libio/iofclose.c
cfn=(456) fclose@@GLIBC_2.2.5
calls=1 40 
* 414
cob=(3)
cfi=(79)
cfn=(434) realloc
calls=1 2956 
* 396
cob=(3)
cfi=(91) /usr/src/debug/glibc-2.17-c758a686/libio/getc.c
cfn=(388) getc
calls=1 36 
* 281
cob=(3)
cfi=(79)
cfn=(326) malloc
calls=1 2886 
* 188
cob=(3)
cfi=(79)
cfn=(374) calloc
calls=1 3181 
* 224
cob=(3)
cfi=(78) /usr/src/debug/glibc-2.17-c758a686/libio/iofopen.c
cfn=(320) fopen@@GLIBC_2.2.5
calls=1 103 
* 57961

fl=(36)
fn=(116)
30 12
+1 12
+1 12
+1 2164
+1 12
+1 12

fl=(18)
fn=(46)
61 20
+2 20
+2 20
+3 20
+1 20
+2 5
+1 5
+2 5
+1 5
+5 5
+1 5
-1 15
+1 15
+2 3
+1 3
+2 3
+1 6
+5 3
+1 3
-1 17
+1 17
+2 3
+1 3
+2 3
+1 3
+5 3
+1 3
-1 17
+1 17
+2 10
+1 10
+2 10
+1 10
+5 10
+1 10
-1 10
+1 19
+5 9
+1 9
+1 9
+1 9
+2 9
+2 9
+1 9
+2 9
+8 20
+8 4
+6 4
+2 4
+1 4
+3 1
+1 3
+5 1
+1 1
+2 1
+2 1
+1 1
+2 3
+9 1
+1 1
-1 3
+1 3
+3 4
+1 4
+1 4
+5 4
+2 4
+1 4
+1 4
+1 4
+2 4
+1 4
+1 4
+1 4
+2 4
+1 4
+2 4
+2 3
+2 3
+1 3
+1 3
+1 3
+2 3
+1 3
+1 3
+1 3
+2 3
+1 3
+2 9
+5 3
+6 3
+1 3
-7 1
+6 1
+1 1

fn=(68)
61 32
+4 32
+3 32
+1 32
+2 13
+1 13
+2 13
+1 13
+5 13
+1 13
-1 19
+1 19
+2 19
+1 19
+2 19
+1 19
+5 19
+1 19
-1 13
+1 13
+2 12
+1 12
+2 12
+1 12
+5 12
+1 12
-1 20
+1 20
+2 18
+1 18
+2 18
+1 36
+5 18
+1 18
-1 14
+1 17
+5 3
+1 3
+1 3
+1 3
+2 3
+2 3
+1 3
+2 3
+6 32
+4 32
+12 1
+2 1
+1 1
+26 1
+1 1
+3 1
+1 1
+1 1
+5 1
+2 1
+1 1
+1 1
+1 1
+2 1
+1 1
+1 1
+1 1
+2 1
+1 1
+2 1
+2 1
+2 1
+1 1
+1 1
+1 1
+2 1
+1 1
+1 1
+1 1
+2 1
+1 1
+2 3
+5 1
+2 1

fl=(35)
fn=(114)
81 32
+1 8

fn=(220)
81 4
+1 1

fl=(27)
fn=(78)
111 2
+1 2

fn=(154)
144 1
+34 1
-34 1
+34 2
-45 1
+1 1
+2 1
-3 1
+2 1
-2 1
+43 1
-43 2
+50 1
-1 1
+5 2
-4 1
-1 1
+7 1
-7 1
+3 2
+2 1
+2 1
-2 2
+16 5
+2 1
+1 1
-1 2
+4 1
+6 1
-12 1
-25 5
+40 1
+53 4
-1 1
+1 3
-52 1
+52 1

fn=(156)
349 1
+13 1
-13 2
+2 1
+11 2
cfi=(17)
cfn=(44)
calls=1 51 
* 78
* 1
+1 1
-1 1
+1 1
+7 1
+4 306
-58 1
+1 1
-1 1
+1 2
cfi=(17)
cfn=(36)
calls=1 102 
* 43
* 1
+1 2
+9 1
-6 1
+6 1
+64 5

fn=(214)
443 7
+1 1
-1 1
+1 1
+4 1
+6 2
-6 2
+6 2
+12 1
-15 1
-1 2
+21 6
+6 12
+3 1
+1 2
+7 1
+2 1
-2 2
+2 3
+1 1
+3 2
-1 2
+18 1
-2 1
-8 1
+8 2
-8 1
+8 1
cfi=(18)
cfn=(68)
calls=1 61 
* 23
* 4
cfi=(36)
cfn=(116)
calls=1 30 
* 134
* 2
-38 3
+52 2
+2 1
+1 8

fn=(140)
52 3
+48 2
+4 1

fn=(188)
879 6
+6 1
+3 2
+5 5
+41 1
+1 3
+1 6

ob=(4)
fl=(57)
fn=(202)
10 5

fn=(208)
16 5

fl=(54)
fn=(196)
8 5

fl=(59)
fn=(206)
25 1
+1 1
+1 1
+1 1
+2 1

fl=(52)
fn=(192)
20 8

fl=(58)
fn=(204)
25 1
+1 1
+1 1
+1 1
+2 1

fl=(51)
fn=(190)
15 8

fl=(56)
fn=(200)
25 1
+1 1
+1 1
+1 1
+2 1

fl=(55)
fn=(638) 0x0000000000005680
0 9

fn=(210)
0 8

fn=(198)
0 8

fn=(624)
0 8
cob=(1)
cfi=(70)
cfn=(281)
calls=1 70 
0 1392
0 5
0 1
cfn=(638)
calls=1 0 
0 9
0 3

fn=(262)
0 16

fn=(212)
0 8

fl=(53)
fn=(194)
25 1
+1 1
+1 1
+1 1
+2 1

ob=(5)
fl=(61)
fn=(230)
0 17

fn=(598)
0 8
cob=(1)
cfi=(70)
cfn=(281)
calls=1 70 
0 1106
0 5
0 1
cfn=(616) 0x0000000000000570
calls=1 0 
0 9
0 3

fn=(616)
0 9

ob=(6)
fl=(77) /h/nbhati04/Desktop/comp40/hw6/submit/execute_um.c
fn=(314) main
29 3
+2 3
cob=(1)
cfi=(70)
cfn=(281)
calls=1 +39 
* 59291
* 5
+1 1
-1 1
+1 1
+1 2
cfi=(90) /h/nbhati04/Desktop/comp40/hw6/submit/um_load.c
cfn=(364) load_um
calls=1 -10 
* 20146339
* 2
cfi=(99) /h/nbhati04/Desktop/comp40/hw6/submit/um.c
cfn=(448) new_um
calls=1 -1 
* 1548
+1 1
-1 1
+1 1
cob=(1)
cfi=(70)
cfn=(281)
calls=1 +36 
* 1793
* 5
+1 2
cfn=(480) run_um
calls=1 +13 
* 11054531733

fn=(480)
48 5
+2 1
+1 1
+1 1
+1 1
+1 1
+1 1
+1 1
+1 1
+1 1
+1 1
+1 1
+1 1
+1 1
+4 2
cfi=(99)
cfn=(482) next_program_elem
calls=1 -1 
* 32
* 170141042
cfi=(99)
cfn=(482)
calls=85070521 -1 
* 2722256672
* 85070522
+1 170141044
+1 170141044
+1 170141044
+8 577685042
cfi=(99)
cfn=(564) halt
calls=1 +75 
* 9270141
cfi=(99)
cfn=(542) out
calls=181 187 
* 19614
cfi=(99)
cfn=(524) unmap
calls=1410045 178 
* 639522505
cfi=(99)
cfn=(522) divide
calls=170336 +52 
* 2044032
cfi=(99)
cfn=(520) mul
calls=104915 +42 
* 839320
cfi=(99)
cfn=(510) map
calls=1414834 +88 
* 746162085
cfi=(99)
cfn=(508) cmov
calls=2746419 -3 
* 26327434
cfi=(99)
cfn=(506) add
calls=3141040 +32 
* 25128320
cfi=(99)
cfn=(504) nand
calls=4295890 +66 
* 38663010
cfi=(99)
cfn=(500) sload
calls=19461304 +8 
* 2031905720
cfi=(99)
cfn=(492) sstore
calls=16200748 +20 
* 1735304634
cfi=(99)
cfn=(490) loadp
calls=3571109 218 
* 53566635
* 52516821
-6 162768500
cfi=(99)
cfn=(488) lv
calls=32553700 231 
* 1432362800
* 32553700

fl=(99)
fn=(482)
65 255211566
cfi=(100) /h/nbhati04/Desktop/comp40/hw6/submit/segments.c
cfn=(484) get_program_elem
calls=85070522 +87 
* 2467045138

fn=(488)
231 162768500
+1 97661100
cfi=(100)
cfn=(484)
calls=32553700 -80 
* 944057300
+4 65107400
+1 32553700
+1 130214800

fn=(542)
187 1086
+3 543
+1 362
cob=(3)
cfi=(103)
cfn=(548)
calls=180 27 
* 14906
cob=(1)
cfi=(70)
cfn=(281)
calls=1 70 
* 1627
* 185
+1 181
+1 724

fn=(508)
74 10985676
+1 9848920
+2 5492838

fn=(520)
119 629490
+1 209830

fn=(448)
32 2
+2 1
-2 1
+2 2
-2 1
+2 1
cfi=(69)
cfn=(376) Mem_alloc
calls=1 -34 
* 207
+1 1
-1 1
+1 1
cfi=(100)
cfn=(450) new_segments
calls=1 +33 
* 1288
* 3
+1 2
+2 2
-1 2
+1 14
-1 14
+4 5

fn=(564)
152 1
+4 1
cfn=(566) free_um
calls=1 55 
* 9265337
+1 2
cob=(1)
cfi=(70)
cfn=(281)
calls=1 -87 
* 4795
* 5

fn=(492)
97 48602244
-1 32401496
+1 81003740
cfi=(100)
cfn=(494) put_segment_elem
calls=16200748 200 
* 1524694910
+3 16200748
+1 32401496

fn=(522)
129 681344
+4 1022016
+1 340672

fn=(566)
55 2
+1 2
cfi=(100)
cfn=(568) free_segments
calls=1 226 
* 9265235
+1 3
+1 1
-1 1
cfi=(69)
cfn=(532) Mem_free
calls=1 -57 
* 93

fn=(490)
218 7142218
+2 3571109
-2 10713327
+2 10713327
+3 7142218
+1 14284436

fn=(524)
178 1410045
-3 2820090
+3 4230135
cfi=(100)
cfn=(526) remove_segment
calls=1410045 -15 
* 626832100
+1 1410045
+1 2820090

fn=(500)
85 58383912
+1 19461304
-1 58383912
+1 77845216
cfi=(100)
cfn=(502) get_segment_elem
calls=19461304 +94 
* 1701063552
* 19461304
+2 19461304
+1 77845216

fn=(504)
143 30071230
+1 8591780

fn=(506)
109 18846240
+1 6282080

fn=(510)
165 2829668
+2 1414834
-2 4244502
+2 4244502
cfi=(100)
cfn=(512) add_segment
calls=1414834 -81 
* 724939575
* 1414834
+1 1414834
+1 5659336

fl=(69)
fn=(532)
0 12872637
cob=(3)
cfi=(79)
cfn=(478)
calls=4290878 2922 
0 381839019
cob=(1)
cfi=(70)
cfn=(281)
calls=1 70 
0 1379
0 4290883

fn=(294) __libc_csu_init
0 16
cob=(2)
cfi=(16)
cfn=(296)
calls=1 0 
0 6
0 7
cfn=(300) 0x0000000000400de0
calls=1 0 
0 17
0 11

fn=(538) Seq_remhi
0 25922790

fn=(572) Seq_free
0 27
cfn=(530) UArray_free
calls=3 0 
0 474

fn=(368) Mem_calloc
0 22637392
cob=(3)
cfi=(79)
cfn=(374)
calls=1414836 3181 
0 190344595
cob=(1)
cfi=(70)
cfn=(281)
calls=1 70 
0 1605
0 1414841
0 11318696

fn=(590) 0x0000000000400d30
0 9

fn=(300)
0 17

fn=(382) UArrayRep_init
0 42445110

fn=(426) UArray_resize
0 720
cfn=(428) Mem_resize
calls=36 0 
0 844236
0 216

fn=(428)
0 576
cob=(3)
cfi=(79)
cfn=(434)
calls=35 2956 
0 841720
cob=(1)
cfi=(70)
cfn=(281)
calls=1 70 
0 1612
0 40
0 288

fn=(498) Seq_length
0 269555874

fn=(514) UArray_new
0 14148340
cfn=(376)
calls=1414834 0 
0 166022479
0 11318672
cfn=(368)
calls=1414834 0 
0 225714997
0 7074170
cfn=(382)
calls=1414834 0 
0 42445020
0 8489004

fn=(422) Seq_addhi
0 36530172
cfn=(424) expand
calls=36 0 
0 845676
0 108

fn=(366) Seq_new
0 33
cfn=(368)
calls=3 0 
0 2132
0 18
cfn=(376)
calls=3 0 
0 1988
0 15
cfn=(382)
calls=3 0 
0 90
0 24

fn=(516) UArray_at
0 311631822

fn=(530)
0 15563207
cfn=(532)
calls=1414837 0 
0 131581184
0 7074185
cfn=(532)
calls=1414837 0 
0 131579841
0 4244511

fn=(586)
0 5
cfn=(590)
calls=1 0 
0 9
0 3

fn=(272)
0 11
cob=(1)
cfi=(70)
cfn=(280)
calls=1 70 
0 11074742487
0 5

fn=(376)
0 31636462
cob=(3)
cfi=(79)
cfn=(326)
calls=2876041 2886 
0 285467169
cob=(1)
cfi=(70)
cfn=(281)
calls=1 70 
0 1551
0 2876046
0 20132294

fn=(486) Seq_get
0 4021183771

fn=(424)
0 252
cfn=(426)
calls=36 0 
0 845172
0 252

fl=(100)
fn=(496) check_unmap.isra.2
259 178310260
+2 71324104
cfi=(69)
cfn=(498)
calls=35662052 0 
* 249634364
* 71324104
+4 71324104
+7 142648208
-6 51938637
cfi=(69)
cfn=(486)
calls=17312879 0 
* 398196217
+1 51938637

fn=(502)
180 136229128
+1 19461304
cfn=(496)
calls=19461304 +78 
* 703649500
+1 38922608
+4 28500084
cfi=(69)
cfn=(486)
calls=9500028 0 
* 218500644
+2 28500084
cfi=(69)
cfn=(516)
calls=9500028 0 
* 171000504
+3 9500028
-2 9500028
+2 28500084
-8 29883828
cfi=(69)
cfn=(486)
calls=9961276 0 
* 229109348
+8 9961276
-7 9961276
+7 29883828

fn=(526)
163 8460270
+1 1410045
cfn=(528) check_access.isra.0
calls=1410045 +78 
* 71912295
+2 4230135
cfi=(69)
cfn=(486)
calls=1410045 0 
* 32431035
+2 1410045
-1 1410045
+1 1410045
cfi=(69)
cfn=(530)
calls=1410045 0 
* 289060263
+1 5640180
cfi=(69)
cfn=(376)
calls=1410045 0 
* 163565220
+2 1410045
-1 1410045
+2 4230135
-1 2820090
cfi=(69)
cfn=(422)
calls=1410045 0 
* 36022207

fn=(570) free_seq_elems
293 8
+1 2
cfi=(69)
cfn=(498)
calls=2 0 
* 14
+2 10
+1 2
-1 2
+1 2
cfi=(69)
cfn=(538)
calls=2 0 
* 36
* 46367
-1 46367
+1 46367
cfi=(69)
cfn=(538)
calls=46367 0 
* 834606
+1 185476
cfi=(69)
cfn=(532)
calls=46369 0 
* 4312317
-2 92738
+4 8

fn=(484)
152 117624222
+1 235248444
cfi=(69)
cfn=(486)
calls=117624222 0 
* 2705357106
+1 117624222
+1 235248444

fn=(528)
242 4230135
+2 8460270
cfi=(69)
cfn=(498)
calls=1410045 0 
* 9870315
* 2820090
+4 4230135
cfi=(69)
cfn=(486)
calls=1410045 0 
* 32431035
+1 4230135
+4 5640180

fn=(568)
226 7
+1 2
cfn=(570)
calls=1 +66 
* 3613221
+1 2
cfi=(69)
cfn=(572)
calls=1 0 
* 167
+1 1
+50 2
cfi=(69)
cfn=(498)
calls=1 0 
* 7
+1 3
+5 63144
-5 21048
+5 21048
cfi=(69)
cfn=(532)
calls=21048 0 
* 1957464
-5 42096
+1 63144
cfi=(69)
cfn=(486)
calls=21048 0 
* 484104
+1 42096
+1 14367
cfi=(69)
cfn=(530)
calls=4789 0 
* 982191
* 9578
-53 2
cfi=(69)
cfn=(572)
calls=1 0 
* 167
+1 2
cfn=(570)
calls=1 +62 
* 1951101
+1 2
cfi=(69)
cfn=(572)
calls=1 0 
* 167
+3 1
-1 2
+1 4
-1 2
cfi=(69)
cfn=(532)
calls=1 0 
* 93

fn=(494)
200 162007480
+1 16200748
cfn=(496)
calls=16200748 +58 
* 582989135
+1 32401496
+10 23438553
cfi=(69)
cfn=(486)
calls=7812851 0 
* 179695573
+2 23438553
cfi=(69)
cfn=(516)
calls=7812851 0 
* 140631318
+1 7812851
+1 7812851
+3 23438553
-2 7812851
+2 23438553
-16 25163691
cfi=(69)
cfn=(486)
calls=8387897 0 
* 192921631
+3 8387897
+1 8387897
+12 25163691
-11 8387897
+11 25163691

fn=(512)
86 8489004
+1 1414834
-1 1414834
+1 1414834
cfi=(69)
cfn=(514)
calls=1414834 -87 
* 475212682
+1 1414834
-1 1414834
+1 1414834
cfi=(69)
cfn=(498)
calls=1414834 -88 
* 9903838
* 2829668
+10 2787572
cfi=(69)
cfn=(538)
calls=1393786 -98 
* 25088148
+1 1393786
+2 1393786
-3 1393786
+3 2787572
cfi=(69)
cfn=(486)
calls=1393786 0 
* 32057078
+4 1393786
-3 1393786
+1 1393786
+2 4181358
cfi=(69)
cfn=(532)
calls=1393786 0 
* 129572926
+8 1393786
-2 1393786
+2 6968930
-23 84192
cfi=(69)
cfn=(376)
calls=21048 -90 
* 4332104
+3 21048
-1 21048
+1 21048
-2 21048
+2 21048
cfi=(69)
cfn=(422)
calls=21048 -93 
* 563203
+1 42096
cfi=(69)
cfn=(498)
calls=21048 -94 
* 147336
+19 21048
-19 21048
+19 105240

fn=(450)
68 3
+2 3
-2 1
+2 1
cfi=(69)
cfn=(376)
calls=1 -70 
* 207
+1 1
-1 1
+1 1
cfi=(69)
cfn=(366)
calls=1 -71 
* 516
+1 1
-1 1
+1 1
cfi=(69)
cfn=(366)
calls=1 -72 
* 516
+4 1
-2 1
+2 1
-4 1
+4 1
cfi=(69)
cfn=(422)
calls=1 -76 
* 25
+2 5

fl=(90)
fn=(364)
23 6
+1 2
cfi=(69)
cfn=(366)
calls=1 -24 
* 3268
+3 1
-3 1
+3 1
cob=(1)
cfi=(70)
cfn=(281)
calls=1 +43 
* 1495
* 5
+2 2
+1 4
+1 1
-1 1
cfi=(96) /g/40/2017f/www/solutions/bitpack.c
cfn=(418) Bitpack_newu
calls=1 +67 
* 56
* 2
+9 2
cob=(3)
cfi=(91)
cfn=(388)
calls=1 -3 
* 37
* 1
* 180658
cob=(3)
cfi=(91)
cfn=(388)
calls=90329 -3 
* 3342173
* 90329
-10 180660
+1 481756
+1 120439
-1 120439
cfi=(96)
cfn=(418)
calls=120439 +67 
* 6594034
+2 120439
-2 240878
+2 120439
+2 120440
cfi=(69)
cfn=(376)
calls=30110 -34 
* 6191317
+2 60220
-1 30110
+1 30110
cfi=(69)
cfn=(422)
calls=30110 -36 
* 790521
+3 30110
-2 30110
-4 30110
+6 30110
cob=(3)
cfi=(91)
cfn=(388)
calls=30110 -3 
* 1115715
* 30110
-10 60220
+13 7

fl=(96)
fn=(420) Bitpack_fitsu
66 120440
+1 120440
-1 120440
-30 240880
+34 240880
+1 120440

fn=(418)
97 1083960
+1 120440
+1 240880
+1 361320
cfn=(420)
calls=120440 -34 
* 963520
* 240880
-68 240880
-10 120440
+11 120440
+3 361320
-12 240880
+79 240880
-83 240880
+14 120440
-13 120440
+3 180660
+12 270990
+69 90330
-1 180660
+1 180660
-1 90330
-1 90330
+2 90330
-3 90330
+3 210770
-1 60220
+1 60220
-1 30110
-1 30110
+2 30110
-3 30110
+3 60220

ob=(3)
fl=(74) /usr/src/debug////////glibc-2.17-c758a686/setjmp/../sysdeps/x86_64/bsd-_setjmp.S
fn=(308) _setjmp
33 1
+2 1
cfi=(75) /usr/src/debug////////glibc-2.17-c758a686/setjmp/../sysdeps/x86_64/setjmp.S
cfn=(310) __sigsetjmp
calls=1 -9 
* 28

fl=(87) /usr/src/debug/glibc-2.17-c758a686/libio/fileops.c
fn=(410) _IO_file_read
1244 64
cfi=(88) /usr/src/debug////////glibc-2.17-c758a686/io/../sysdeps/unix/syscall-template.S
cfn=(412) read
calls=16 81 
* 112

fn=(460) _IO_file_close_it@@GLIBC_2.2.5
159 3
+2 1
-2 1
+2 2
+4 1
+3 1
-3 1
-1 2
+6 1
+3 1
-3 1
cfi=(86) /usr/src/debug/glibc-2.17-c758a686/libio/genops.c
cfn=(462) _IO_unsave_markers
calls=1 1116 
* 9
+3 2
+4 3
+9 5
cfi=(86)
cfn=(406) _IO_setb
calls=1 400 
* 39
+1 2
+3 1
-3 1
+1 3
+2 1
cfi=(86)
cfn=(458) _IO_un_link
calls=1 61 
* 10
+5 2
-4 1
+1 1
+1 1
+2 1
+1 4
-23 3
cfn=(464) _IO_file_close
calls=1 1285 
* 7
* 2

fn=(464)
1285 2
cfi=(88)
cfn=(466) __close_nocancel
calls=1 81 
* 5

fn=(354) _IO_file_fopen@@GLIBC_2.2.5
260 1
+12 1
-12 8
+11 3
+2 4
430 8
281 2
-20 1
+37 12
+41 1
225 1
+1 2
-1 1
+4 1
cfi=(88)
cfn=(356) open
calls=1 81 
* 7
* 1
+4 2
+3 1
-1 1
+1 2
+3 2
-3 1
+3 1
+10 2
cfi=(86)
cfn=(352) _IO_link_in
calls=1 100 
* 11
359 3
cfi=(89) /usr/src/debug/glibc-2.17-c758a686/string/../string/strstr.c
cfn=(360) __GI_strstr
calls=1 53 
* 25
* 1
+1 3
-83 1
-1 1
-15 2

fn=(558) _IO_file_write@@GLIBC_2.2.5
1294 49
+2 35
+11 7
+1 7
-12 14
+5 7
-1 21
+1 14
cfi=(88)
cfn=(560) write
calls=7 81 
* 49
+1 14
+9 21
+3 63

fn=(654) _IO_file_sync@@GLIBC_2.2.5
885 1
+5 1
-5 1
+5 3
+2 1
+1 2
+17 2
+4 2

fn=(394) _IO_file_underflow@@GLIBC_2.2.5
551 64
+8 48
+6 48
+3 32
+13 32
+20 32
cfi=(86)
cfn=(408) _IO_switch_to_get_mode
calls=16 183 
* 320
+6 16
+5 64
-5 32
+1 16
+2 16
-1 32
+3 16
cfn=(410)
calls=16 1244 
* 176
+2 32
+10 15
-3 15
+3 30
+2 30
+1 60
-10 1
-1 1
+1 2
+10 1
-4 1
+4 3
-56 3
+5 2
cfi=(86)
cfn=(396) _IO_doallocbuf
calls=1 415 
* 128
* 2

fn=(350) _IO_file_init@@GLIBC_2.2.5
144 1
+4 1
-4 3
+5 1
-1 1
+3 1
cfi=(86)
cfn=(352)
calls=1 -51 
* 82
+1 1
+1 4

fn=(556) _IO_do_write@@GLIBC_2.2.5
508 7
+2 7
-2 35
+2 14
+12 28
+7 28
+8 35
cfn=(558)
calls=7 1294 
* 301
* 7
+1 21
+6 7
-4 7
+4 7
-4 21
+1 14
+3 7
-34 14
+32 7
-32 7
+1 28
-1 7
+1 14
+32 14

fn=(400) _IO_file_stat
1262 2
+1 6
cfi=(93) /usr/src/debug/glibc-2.17-c758a686/io/../sysdeps/unix/sysv/linux/wordsize-64/fxstat.c
cfn=(402) _fxstat
calls=2 36 
* 20

fn=(472) _IO_file_finish@@GLIBC_2.2.5
203 1
+1 1
-1 1
+1 1
+6 2
+1 1
-1 1
cfi=(86)
cfn=(474) _IO_default_finish
calls=1 683 
* 24

fn=(552) _IO_file_overflow@@GLIBC_2.2.5
823 724
+1 543
+7 1263
+35 362
+3 362
+3 543
+1 543
+1 724
+4 181
+1 724
-45 2
+12 2
+9 4
+8 1
-4 1
+3 2
-2 2
-3 1
+1 2
+5 1
-1 1
+1 3
+1 2
+12 14
-1 7
+1 7
-1 7
cfn=(556)
calls=7 508 
* 637
* 14
-39 2
cfi=(86)
cfn=(396)
calls=1 415 
* 141
+1 6

fn=(650) _IO_file_setbuf@@GLIBC_2.2.5
460 2
+1 1
cfi=(86)
cfn=(652) _IO_default_setbuf
calls=1 +97 
* 51
* 2
+4 2
-1 2
+2 3
+2 1
+1 2

fl=(103)
fn=(548)
27 181
+3 181
-3 362
+3 2715
+1 543
fi=(95) /usr/src/debug/glibc-2.17-c758a686/libio/libioP.h
889 362
+1 1448
fe=(103)
34 543
-3 543
cfi=(86)
cfn=(550) __overflow
calls=181 242 
* 7915
* 362

fl=(46) /usr/src/debug/glibc-2.17-c758a686/elf/../sysdeps/unix/sysv/linux/dl-vdso.c
fn=(176) _dl_vdso_vsym
27 4
-1 4
+1 4
+4 8
-3 8

fl=(93)
fn=(402)
36 2
-1 2
+1 2
+1 12
+4 2

fl=(86)
fn=(346) _IO_no_init
644 9
+1 1
cfn=(348) _IO_old_init
calls=1 -18 
* 25
+3 1
-2 1
+2 1
+2 1
+1 1
+1 1
+1 1
+1 1
+1 1
+1 1
+1 1
+1 1
+1 1
+1 1
+1 1
+2 1
+3 1
+1 6

fn=(406)
400 15
+1 14
+3 3
+2 12
-3 3
+3 6
+3 12
-7 7
cfi=(98) /usr/src/debug////////glibc-2.17-c758a686/misc/../sysdeps/unix/syscall-template.S
cfn=(468) munmap
calls=1 81 
* 5
* 4

fn=(408)
183 16
+1 16
-1 16
+1 32
+3 48
+5 16
-1 32
+1 16
+7 16
-4 16
+2 32
+2 16
+1 16
+1 32

fn=(646) _IO_cleanup
1007 1
+3 1
-3 2
-48 1
+48 2
+3 1
cfn=(648) _IO_flush_all_lockp
calls=1 819 
* 88
-63 1
+63 1
-63 3
+2 9
+2 2
-1 4
+3 4
+6 16
+8 5
+10 5
cfi=(87)
cfn=(650)
calls=1 460 
* 66
+3 2
+7 3
-40 9
+75 7
-53 1
+4 1
-4 1
+2 1
+1 1
+1 1
-2 1
+3 4
+6 3
+1 8

fn=(458)
61 12
+1 6
+4 6
+1 10
+2 1
-2 1
+1 1
+1 19
+2 3
+2 2
+13 1
+2 1
-2 1
+2 4
+2 1
-1 1
+1 6
+1 2
+3 12
-6 6
-13 1
+1 1
-1 2

fn=(648)
819 3
+6 1
-6 5
+6 2
+6 1
-11 1
+10 1
+2 2
+4 2
-1 3
-1 3
+1 3
+3 9
+10 6
+4 3
-2 3
+2 6
+7 3
-27 6
+31 2
+2 2
+4 9
-31 12

fn=(652)
558 5
+1 1
-1 1
+1 1
cfi=(87)
cfn=(654)
calls=1 885 
* 13
* 2
+9 1
-7 1
+7 1
-7 1
401 1
563 1
+1 1
-1 1
+1 1
401 4
+7 1
-5 1
+1 1
+4 1
571 2
+2 1
-2 1
+1 3
+2 4

fn=(474)
683 2
+2 3
+6 3
+3 3
+6 1
+6 1
-6 1
cfn=(458)
calls=1 61 
* 10

fn=(550)
242 543
+1 1
+1 3
cfi=(87)
cfn=(552)
calls=1 823 
* 202
* 540
cfi=(87)
cfn=(552)
calls=180 823 
* 6626

fn=(390) __uflow
364 16
+2 16
-2 16
+2 33
+6 80
+3 32
+2 32
+6 32
+7 32
+1 16
-1 32
cfn=(392) _IO_default_uflow
calls=16 +45 
* 1458
-24 30
+22 48

fn=(392)
435 16
+1 16
-1 16
+1 16
cfi=(87)
cfn=(394)
calls=16 551 
* 1270
+1 32
+2 60
+1 32

fn=(462)
1116 1
+2 1
-2 1
+2 1
+19 3
+2 2

fn=(352)
100 8
+1 6
+4 1
-2 2
+2 5
+1 10
+2 1
-2 1
+1 1
+1 1
-2 1
+2 1
-2 1
+2 14
+2 1
-2 1
+4 1
+2 1
-3 1
-1 1
+4 7
+2 1
-1 1
+1 8
+1 2
+3 8
-6 7

fn=(396)
415 6
+1 2
-1 2
+1 2
+6 8
-4 6
+1 6
cfi=(92) /usr/src/debug/glibc-2.17-c758a686/libio/filedoalloc.c
cfn=(398) _IO_file_doallocate
calls=2 96 
* 233
* 4

fn=(348)
627 1
-16 1
+1 1
+15 1
+5 1
-21 1
+2 1
+1 1
+1 1
+17 1
-16 1
+1 1
+1 1
+1 1
+1 1
+1 1
+2 1
+1 1
+1 1
+1 1
+6 1
+1 4

fl=(67)
fn=(248)
478 2
+12 1
-12 1
+12 1
-12 1
+12 1
-12 1
+12 1
648 2
+2 1
+1 1
+2 1
-3 1
+5 1
-5 1
+4 3
+4 2
+2 1
+1 1
+2 1
+4 1
-7 1
+5 1
-5 1
+4 1
+3 2
-3 1
+3 1
-3 1
+3 2
492 2
cfn=(250) handle_intel.isra.0
calls=1 262 
* 844
+4 1
-4 1
+4 1
cfn=(250)
calls=1 262 
* 885
+2 1
-2 1
-1 1
+3 1
+9 3
+2 1
+1 1
+2 1
+5 2
+9 16
-9 12
+6 3
-6 3
+6 3
-6 3
+6 1
-6 1
+6 1
+69 4
+1 6
-65 1
+32 1
-26 5
+7 2
+4 4
+2 4
-6 4
+4 1
-2 1
+2 1
-4 3
+4 1
-2 1
+2 1
+15 1
+1 4
-9 1
+2 2
+1 1
-1 2
+1 1
+1 1

fn=(250)
262 4
+12 2
-12 12
+9 2
+1 4
-3 6
+23 10
cfn=(252) intel_check_word
calls=2 132 
* 1446
+1 4
+3 10
cfn=(252)
calls=2 132 
* 189
+1 4
-17 4
+5 2
-5 4
+5 2
+2 2
+1 2
-1 4
+27 16

fn=(252)
132 32
+1 12
+6 32
+2 4
-2 4
+2 4
+88 8
-76 20
+53 16
+23 40
-1 8
+1 8
cfi=(68) /usr/src/debug/glibc-2.17-c758a686/stdlib/bsearch.c
cfn=(254) bsearch
calls=8 26 
* 1228
+2 16
+22 8
141 16
+2 10
+2 20
-10 2
258 32
-93 10
+5 10
-5 14
+9 2
+2 4
+8 2
+4 2
-2 4
+13 3
-34 15
+5 6
+4 8
+7 9
+9 2
-2 2
+3 2
-1 2
-2 2
+1 2
+1 2
-1 6
+1 2
-2 4

fn=(256) intel_02_known_compare
121 162
+3 162

fl=(64) /usr/src/debug/glibc-2.17-c758a686/misc/init-misc.c
fn=(242) __init_misc
30 4
+1 5
+2 3
cfi=(65) /usr/src/debug////////glibc-2.17-c758a686/string/../sysdeps/x86_64/strrchr.S
cfn=(244) __GI_strrchr
calls=1 -8 
* 34
+4 5
+1 3
+2 4

fl=(104)
fn=(578)
99 1
-1 1
+1 2
cfn=(580) __run_exit_handlers
calls=1 -63 
* 3538

fn=(580)
36 9
+5 6
+4 3
-4 3
+4 3
+3 1
-1 1
+2 5
+33 1
+1 1
-1 1
+1 1
+6 2
+1 5
cfi=(86)
cfn=(646)
calls=1 1007 
* 255
* 3
+2 2
cfi=(108) /usr/src/debug/glibc-2.17-c758a686/posix/../sysdeps/unix/sysv/linux/_exit.c
cfn=(656) _Exit
calls=1 -64 
* 5
-19 1
+4 2
-2 2
+2 1
cob=(1)
cfi=(105)
cfn=(582)
calls=1 +55 
* 3224
+1 1

fl=(108)
fn=(656)
28 2
+4 1
+2 2

fl=(73) /usr/src/debug/glibc-2.17-c758a686/stdlib/cxa_atexit.c
fn=(290) __cxa_atexit
56 6
-22 2
cfn=(292) __new_exitfn
calls=1 +38 
* 39
+2 2
+4 1
+3 1
+1 1
-4 2
+2 1
+4 1
+1 1
+11 4

fn=(292)
72 1
+6 2
-6 3
+6 4
+2 4
-7 2
+9 3
-2 1
+10 1
-10 2
+45 1
+1 1
+3 4
+3 5
-35 2
+14 1
+1 2

fl=(68)
fn=(254)
26 8
+5 8
-5 72
+7 8
-7 16
+7 8
+7 10
+1 10
-8 20
+2 54
+2 54
-2 54
+1 162
+1 108
cfi=(67)
cfn=(256)
calls=54 +84 
* 324
+1 108
+1 44
-6 88
+14 8
-1 8
+1 56

fl=(88)
fn=(466)
81 5

fn=(562) __write_nocancel
81 35

fn=(356)
81 2
cfn=(358) __open_nocancel
calls=1 * 
* 5

fn=(412)
81 32
cfn=(414) __read_nocancel
calls=16 * 
* 80

fn=(560)
81 14
cfn=(562)
calls=7 * 
* 35

fn=(358)
81 5

fn=(414)
81 80

fl=(101)
fn=(456)
40 3
+14 1
-14 1
+14 3
+3 18
+4 3
-3 2
fi=(95)
889 2
+1 3
fe=(101)
63 4
cfi=(87)
cfn=(472)
calls=1 203 
* 32
+1 3
+18 6
+2 1
+1 2
cfi=(79)
cfn=(478)
calls=1 2922 
* 114
* 1
+4 5
-10 2
-20 2
cfi=(87)
cfn=(460)
calls=1 159 
* 113
* 3
-4 1
cfi=(86)
cfn=(458)
calls=1 +6 
* 80
* 3
fi=(95)
890 6
fe=(101)

fl=(92)
fn=(398)
96 10
+15 12
cfi=(87)
cfn=(400)
calls=2 1262 
* 28
* 4
+2 8
+11 9
-14 1
+18 6
cfi=(94) /usr/src/debug/glibc-2.17-c758a686/misc/../sysdeps/unix/sysv/linux/wordsize-64/mmap.c
cfn=(404) mmap
calls=1 -96 
* 33
* 6
cfi=(94)
cfn=(404)
calls=1 -96 
* 33
* 4
+1 10
cfi=(86)
cfn=(406)
calls=2 400 
* 42
+1 2
+1 13
-13 1
fi=(110) /usr/src/debug/glibc-2.17-c758a686/libio/../sysdeps/unix/sysv/linux/sys/sysmacros.h
-72 6
fe=(92)
+72 1
-2 2
+5 2

fl=(84) /usr/src/debug/glibc-2.17-c758a686/misc/sbrk.c
fn=(342) sbrk
34 28
+8 28
-8 84
+8 165
+4 56
+4 97
+3 25
cfi=(85) /usr/src/debug/glibc-2.17-c758a686/misc/../sysdeps/unix/sysv/linux/x86_64/brk.c
cfn=(344) brk
calls=25 -22 
* 325
* 50
+4 140
-14 56
cfi=(85)
cfn=(344)
calls=28 -12 
* 364
* 112
+9 2
+1 4

fl=(49)
fn=(184)
30 1
+1 1
+3 2
-3 4
+3 1
cfi=(46)
cfn=(176)
calls=1 -7 
* 7
+1 3
+1 3

fl=(91)
fn=(388)
36 120441
+3 120441
-3 120441
+3 1806615
+1 722598
fi=(95)
889 240882
+1 963528
fe=(91)
43 361323
-3 32
cfi=(86)
cfn=(390)
calls=16 364 
* 1873
* 32

fl=(94)
fn=(404)
32 5
+1 5
-1 45
+1 15
+1 50
+2 35
-3 10

fl=(106)
fn=(610)
30 6
+17 2
-17 10
+4 8
+4 12
-4 6
+32 8
+4 12
-4 6
+12 4
+3 2
-2 2
+2 12
-2 2
cfi=(107) /usr/src/debug/glibc-2.17-c758a686/nptl/../nptl/sysdeps/unix/sysv/linux/unregister-atfork.c
cfn=(612) __unregister_atfork
calls=2 -43 
* 14

fl=(82) /usr/src/debug/glibc-2.17-c758a686/elf/dl-addr.c
fn=(332) _dl_addr
126 9
+5 1
-5 2
+5 2
cob=(1)
cfi=(2)
cfn=(50)
calls=1 917 
* 2
+3 6
+1 4
+1 20
+1 2
30 1
+1 1
-1 1
+4 2
+5 1
+6 1
-7 1
+2 2
+2 1
-2 1
+2 1
+3 1
+5 7
+2 1
+1 2
-1 1010
+1 2020
+2 4928
+6 11065
+2 8852
+1 16225
+7 2213
-2 2213
+2 5437
-21 2022
+49 3
+1 1
+1 3
+3 2
+41 3
cob=(1)
cfi=(2)
cfn=(52)
calls=1 923 
* 2
+3 9
-13 9
-19 1
+1 1
+23 2

fl=(81) /usr/src/debug/glibc-2.17-c758a686/malloc/arena.c
fn=(330) ptmalloc_init.part.7
383 6
+11 1
-8 1
+8 1
+7 3
+2 5
+16 2
-71 126
+16 63
-18 192
464 2
+5 2
+1 2
+2 1
+1 7
-78 5
cfi=(82)
cfn=(332)
calls=1 126 
* 56093
* 2
+1 4
-47 8
+1 6

fl=(66) /usr/src/debug/glibc-2.17-c758a686/ctype/ctype-info.c
fn=(246) __ctype_init
32 5
+2 1
-2 2
+2 3
+2 5

fl=(97) /usr/src/debug////////glibc-2.17-c758a686/string/../sysdeps/x86_64/memcpy.S
fn=(444) __GI_memcpy
61 23
+2 23
+2 23
+3 14
+1 14
+11 14
+1 14
+11 14
+1 14
+11 14
+1 14
+2 14
+1 14
+2 14
+1 14
+5 14
+1 15
+5 1
+1 1
+1 1
+1 1
+2 1
+2 1
+1 1
+2 1
+8 14
+8 23
+6 23
+2 23
+1 23
+26 23
+1 23
+3 7
+1 7
+1 7
+5 29
+2 29
+1 29
+1 29
+1 29
+2 29
+1 29
+1 29
+1 29
+2 29
+1 29
+2 29
+2 29
+2 29
+1 29
+1 29
+1 29
+2 29
+1 29
+1 29
+1 29
+2 29
+1 29
+2 43
+5 7
+6 7
+1 7
+19 16
+1 16
+1 16
+5 16
+1 16
+4 16
+1 16
+2 18521
+1 16
+6 16
+1 16
+1 16
+3 9
+6 9
+1 9
+2 9
+13 7
+1 7
+1 7
+3 7
+1 7
+1 7
+1 7
+2 5
+2 5
+2 5
+2 5
+3 5
+1 5
+69 1536
+2 1536
+1 1536
+1 1536
+1 1536
+1 1536
+1 1536
+1 1536
+1 1536
+2 1536
+1 1536
+2 1536
+1 1536
+1 1536
+1 1536
+1 1536
+1 1536
+1 1536
+1 1536
+2 1536
+1 1536
+2 1536
+2 1536
+2 1536
+1 1536
+1 1536
+1 1536
+1 1536
+1 1536
+1 1536
+1 1536
+2 1536
+1 1536
+2 1536
+1 1536
+1 1536
+1 1536
+1 1536
+1 1536
+1 1536
+1 1536
+2 1536
+1 1536
+2 1536
+3 5
+2 5
+2 5
+2 5
+6 5
+1 5
+1 5
-2 2
+1 2
+1 2
+2 7
+6 7
+1 7

fl=(102) /usr/src/debug////////glibc-2.17-c758a686/string/../sysdeps/x86_64/memset.S
fn=(518) __GI_memset
57 173746
+1 173746
+1 173746
+1 173746
+1 173746
+2 173746
+1 173746
+8 151515
+10 173746
+1 173746
+1 173746
+1 173746
+1 173746
+1 173746
+1 173746
+1 173746
+1 173746
+1 173746
+1 173746
+1 173746
+1 173746
+1 195977
+3 22231
+1 22231
+1 22231
+1 22231
+1 22231
+1 22231
+1 22231
-6 21
+1 21
+1 21
+1 21
+1 21
+1 21
+1 21
+1 22231

fl=(107)
fn=(612)
36 2
-8 4
+11 4
+82 4

fl=(80) /usr/src/debug/glibc-2.17-c758a686/malloc/hooks.c
fn=(328) malloc_hook_ini
30 2
fi=(81)
385 3
fe=(80)
29 3
cfi=(81)
cfn=(330)
calls=1 383 
* 56532
* 1
+4 1
-1 1
cfi=(79)
cfn=(327) malloc'2
calls=1 2886 
* 1093

fn=(436) realloc_hook_ini
37 9
+1 1
fi=(81)
385 1
fe=(80)
39 1
-1 1
fi=(81)
385 2
fe=(80)
39 1
fi=(81)
385 1
fi=(79)
2964 2
+4 2
+4 2
+5 1
-2 1
+2 1
+2 1
-2 1
+2 2
+3 3
+6 4
+1 2
+7 8
+2 2
fe=(80)
42 9
fi=(79)
2980 1
+44 6
+4 6
cfn=(440) _int_realloc
calls=1 4215 
* 292
* 1
+2 4
+4 4
-66 2
fe=(80)

fl=(89)
fn=(360)
53 8
+10 3
+2 2
+1 1
+23 8
-26 1
-5 2

fl=(75)
fn=(310)
26 1
+9 1
+1 2
+1 1
+4 1
+1 1
+1 1
+1 1
+1 1
+2 2
+2 1
+1 1
+1 1
+2 2
+2 1
+9 1
cfi=(76) /usr/src/debug/glibc-2.17-c758a686/setjmp/sigjmp.c
cfn=(312) __sigjmp_save
calls=1 -35 
* 9

fl=(62)
fn=(238)
52 8
+6 6
+17 1
fi=(63) /usr/src/debug/glibc-2.17-c758a686/csu/../sysdeps/unix/sysv/linux/x86_64/init-first.c
-35 2
fe=(62)
+33 1
+1 1
fi=(63)
-34 1
-2 2
fe=(62)
+37 1
fi=(63)
-37 3
+2 1
cfi=(46)
cfn=(176)
calls=1 -13 
* 7
+1 2
+5 2
-3 2
+1 1
+2 1
cfi=(46)
cfn=(176)
calls=1 -19 
* 7
fe=(62)
+43 1
fi=(63)
-39 1
fe=(62)
+39 2
fi=(63)
-39 2
+1 2
+1 1
fe=(62)
+37 1
cfi=(64)
cfn=(242)
calls=1 -59 
* 58
+8 1
cfi=(66)
cfn=(246)
calls=1 -65 
* 16
+5 6
-35 1
-9 1
+9 4
fi=(63)
-25 2
fe=(62)

fl=(83) /usr/src/debug/glibc-2.17-c758a686/malloc/morecore.c
fn=(340) __default_morecore
47 28
+1 28
cfi=(84)
cfn=(342)
calls=28 -14 
* 1536
+2 84
+2 84

fl=(85)
fn=(344)
31 53
-3 53
+3 371
+8 53
-6 106
+7 53

fl=(47)
fn=(178)
30 1
+1 1
+1 1
+1 1
+2 1

fl=(98)
fn=(446) mremap
81 15
+1 3

fn=(468)
81 16
+1 4

fl=(76)
fn=(312)
29 2
-1 2
+1 2
+5 3

fl=(79)
fn=(374)
3181 1414837
+13 4244511
-13 1414837
+10 2829674
+3 1414837
-13 4244511
+13 1414837
+8 2829674
+1 2829674
+10 16978044
+7 1414837
+8 1414837
-7 2829674
+7 2829674
+15 4244511
cfn=(334) _int_malloc
calls=1414837 3349 
* 82800201
+6 1414837
-6 1414837
+6 1414837
+7 5659348
+3 2829674
+6 4244511
+46 7446546
-36 1414837
-3 1414837
+3 2829674
-13 1414837
+13 2829674
+10 1414837
+1 2829674
+3 2829674
+7 1241091
-3 1241091
+1 1241091
+1 2482182
+1 1241091
+3 60743
-2 60743
+1 60743
+1 60743
+3 44807
-2 44807
+1 44807
+1 44807
+1 42507
+1 85014
-29 58881
+15 521238
cfi=(102)
cfn=(518)
calls=173746 57 
* 4000407
+21 1216222

fn=(440)
4215 297
+21 132
+1 99
+15 66
+1 99
+1 66
+1 66
+6 66
+8 66
+11 50
+69 2
+2 2
+6 2
-1 1
+1 2
+1 5
+3 1
3832 3
+6 4
+1 2
+13 4
+13 2
+75 2
+19 1
-4 1
+4 2
+6 2
+8 3
+6 2
+1 2
+1 2
1907 3
3990 2
+7 2
+65 2
+1 2
+3 2
4366 1
+1 64
-96 8
-1 8
-1 16
+21 78
cfn=(334)
calls=26 3349 
* 747089
+1 26
-1 26
+1 26
+4 26
-1 26
+6 52
+11 25
+3 50
+3 50
+4 2
+3 2
-3 2
+1 4
+1 4
+1 2
+1 2
+2 2
-2 2
+1 4
+1 2
+1 2
+2 2
-2 2
+1 4
+1 2
+1 4
+1 6
+6 8
cfn=(442) _int_free
calls=2 3819 
* 138
* 92
cfn=(442)
calls=23 3819 
* 2049
+29 25
-27 25
+27 175
-55 23
+6 46
cfi=(97)
cfn=(444)
calls=23 61 
* 87636
* 23
-23 2
+6 2
-29 35
+2 7
-2 7
+2 7
-2 14
+1 7
-1 7
+1 7
+1 7
+2 14
+81 1
+1 2
4068 5
+2 4
cfn=(540) systrim.isra.2
calls=1 2750 
* 215
* 1
-27 1
+1 3
+1 2
-78 3
-2 2

fn=(434)
2956 324
+7 72
+1 72
+4 70
+4 70
+5 35
-2 35
+2 35
+2 35
-2 35
+2 70
+3 96
+6 140
+1 70
+7 280
+2 70
2846 3
+1 3
-1 3
+12 3
-12 3
+9 15
+3 6
+3 30
cfi=(98)
cfn=(446)
calls=3 81 
* 18
+3 12
+9 3
-2 3
-5 3
+5 6
+2 3
+1 3
-3 3
+4 3
-1 3
+1 3
3004 3
+43 315
-67 38
+44 192
+4 192
cfn=(440)
calls=32 4215 
* 838991
* 32
+2 128
+4 128
2876 6
+92 70
-3 1
+82 7
-82 1
cfi=(80)
cfn=(436)
calls=1 37 
* 374

fn=(326)
2886 11504172
+5 5752086
+1 5752086
+3 20132294
+2 8628126
cfn=(334)
calls=2876042 3349 
* 170425677
+3 2876042
-3 2876042
+3 2876042
+6 5752084
+1 11504168
+5 14380210
-17 17256252
+5 5752084
-7 1
+19 3
-19 1
cfi=(80)
cfn=(328)
calls=1 30 
* 57636

fn=(327)
2886 4
+5 2
+1 2
+3 7
+2 3
cfn=(334)
calls=1 3349 
* 1053
+3 1
-3 1
+3 1
+6 2
+1 4
+5 5
-17 6
+5 2

fn=(336) malloc_consolidate
4111 72
+22 18
+1 24
+12 8
5021 8
4136 8
+11 8
-1 8
5019 8
+2 8
-2 32
4149 16
+1 16
-1 144
+1 204
+21 28
+1 280
+4 12176
+4 12176
-3 12176
+1 12176
+2 12176
+1 207
+1 207
+3 207
+1 207
+1 207
-2 207
+12 207
-12 207
+3 207
+9 207
-12 11969
+1 11969
+1 11969
-2 11969
+12 11969
-12 11969
+3 11969
+9 24126
-41 12157
-3 12157
+3 24314
+1 12157
+1 24314
+2 24314
-4 20
-3 20
+3 40
+1 20
+1 40
+2 40
+1 334
+2 334
-1 334
+2 3952
+3 24354
+3 24352
+4 24296
+18 1
+1 1
+4 1
-4 1
+1 1
+3 1
+3 320
+6 65
-73 3
1829 3
-2 2
+2 378
-2 252
+6 3
+5 1
+2 1
-2 1
4206 8
1837 3

fn=(334)
3349 4290906
-30 4290906
+30 4290906
-30 4290906
+30 4290906
-30 4290906
+30 12872718
-30 25745436
+30 8581812
+4 8581812
+14 8581812
+1 12872571
+1 4290857
+1 4290857
-1 8581714
+5 8581714
+3 20926105
+1 4185221
-1 4185221
+1 8370442
+26 211370
+1 211332
+1 211332
+2 316998
+1 21234
+3 10616
+1 21232
+5 10616
+1 10616
+1 10616
+2 31848
1900 4197841
3751 4197841
1900 8395682
3753 4197841
+58 34327248
3444 141
+1 38
+1 24
cfn=(336)
calls=6 4111 
* 340478
* 12
3796 6
5021 12
3796 18
+2 150
5019 6
+2 6
-2 18
3465 12
3796 95063
5021 190126
3796 285189
+2 2376575
5019 95063
+2 95063
-2 285189
3465 190130
+67 35625
+1 71250
+1 23750
+45 11875
+7 11875
-6 11875
+1 11875
+1 11875
+1 11875
+3 11875
-52 19
+45 19
+7 19
-6 19
+1 19
+1 19
+1 19
+3 19
3465 320895
+2 22273
-1 22273
+1 44546
+1 44546
+7 22273
+10 66738
+34 12621
-5 12621
+1 12621
+4 12621
+12 23788
+6 132
+1 7
+1 7
+3 14
-5 76
+1 4
+1 4
+3 8
-5 40
+1 8
+1 8
+3 16
+34 76
-39 47
-50 10457
-1 20914
+2 10432
-1 20864
+4 9652
+1 19304
+4 19304
-3 19304
+1 19304
+1 19304
+1 9652
+2 9104
+1 9104
+3 63728
+2 18208
-2 9104
+2 9104
+4 9104
1900 9104
3505 9104
1900 18208
3502 3836
+2 1096
-2 548
+2 548
+4 548
1900 548
3505 548
1900 187226
3537 21
+58 169384
+70 84692
+1 84692
+1 84692
-1 84692
+1 84692
+1 169384
+1 169384
+5 339040
+2 250374
+2 333728
-2 250269
+2 333656
-2 166802
+2 250182
+95 83415
+3 83415
-2 166830
+2 166830
+16 58
+1 4
cfn=(336)
calls=2 4111 
* 19200
+2 2
+1 2
-1 2
3686 1381
+1 1381
-2 5452
+7 1345
+3 2690
+1 68
+1 68
+1 68
-2 272
+59 68
3521 727
-1 1454
+1 2181
3380 20926105
3596 38
+3 57
3444 98
3678 88
+2 22
+1 44
-1 21
+1 42
3444 10
3702 1277
+8 2554
-8 3831
+5 1277
+3 1277
-3 1277
+3 10270
+3 2554
+1 994
+1 1988
-37 63
+48 780
-5 780
+6 1560
+11 780
-6 780
+1 780
+1 780
+1 780
+3 780
+1 780
+1 1560
+2 16
+1 16
+2 112
+2 32
-2 16
+2 16
+1 32
-3 5348
+2 1528
-2 764
+2 764
+1 1528
3410 4
cfn=(336)
calls=1 4111 
* 666
* 3
+34 7
3805 108
cfn=(338) sysmalloc
calls=27 2278 
* 4347
+1 27
-1 27
+1 27
1900 108
3780 83386
-3 83386
+1 166772
+2 83386
-1 83386
+1 166772
+2 83386
-2 250158
+5 83386
-5 83386
+2 83386
1900 250158
3710 216

fn=(478)
2922 8581760
+1 8581760
+5 8581760
+5 4290880
-2 4290880
+2 8581760
+16 12872631
+1 12872631
cfn=(442)
calls=4290877 3819 
* 313185060
-14 9
+1 6
+1 6
+2 3
+1 3
-1 3
+1 3
+1 6
2817 6
+1 3
+6 3
-7 3
+7 18
+7 3
+1 3
+5 3
cfi=(98)
cfn=(468)
calls=3 81 
* 15

fn=(540)
2750 8
+10 2
-1 1
+1 1
+3 4
+2 2
+6 5
cfi=(83)
cfn=(340)
calls=1 47 
* 45
* 1
+1 4
+35 8
-23 3
cfi=(83)
cfn=(340)
calls=1 47 
* 68
+2 2
+1 2
+2 2
cfi=(83)
cfn=(340)
calls=1 47 
* 45
+2 1
+2 2
+3 2
+3 2
-1 1
+1 2
+2 2

fn=(338)
2278 243
+21 27
+11 27
-11 54
+11 27
+1 78
+79 24
+20 24
-19 48
+19 48
2716 48
+6 24
+3 24
-3 24
+3 48
+1 24
+3 72
-2 24
+2 48
+1 24
-1 24
-1 24
+1 24
+1 24
+2 24
+6 192
-6 3
+6 24
-21 48
2312 9
+14 12
+6 6
2461 48
+19 48
-19 120
+19 48
+8 24
-8 24
+8 24
2334 24
cfi=(94)
cfn=(404)
calls=3 32 
* 99
+2 9
+34 3
-5 9
+5 12
+3 3
+1 3
-1 3
+1 3
+1 6
2489 144
cfi=(83)
cfn=(340)
calls=24 47 
* 1557
+1 24
-1 24
+1 24
+3 96
+2 48
+1 48
+18 48
+25 48
+2 48
2392 24
2547 24
-6 24
+6 70
+1 115
+2 6
+42 3
+19 1
+3 2
+1 4
+3 1
-3 1
+3 2
cfi=(83)
cfn=(340)
calls=1 47 
* 45
+12 3
+5 2
+1 4
+35 1
+1 1
-2 1
+1 2
+12 1
-12 1
+1 2
+11 1
2371 6
2540 5
+10 2

fn=(442)
3819 42909020
+13 12872706
+6 17163608
+1 8581804
+13 17163608
+13 8581804
+11 17163428
+1 12872571
1907 4290857
3901 4290857
1907 8581714
3903 12872571
+1 8581714
+1 4290857
+3 4290857
-3 4290857
+9 12872571
-5 12872571
+14 17138654
+2 4290857
+2 25745142
+2 17138654
4094 34327032
3940 90
3830 45
3941 90
+18 45
-4 45
+4 90
+6 90
+8 135
+6 90
+1 90
+1 90
1907 135
3990 90
+7 90
+5 90
+4 44
+9 44
-1 44
+2 88
-1 1
-1 1
+2 2
+7 45
-2 45
+1 45
+1 45
+2 16
+1 16
+2 16
+1 16
+2 48
+1 16
+30 32
-34 29
+1 29
+2 87
+1 29
+30 58
+1 6
+3 9
+16 90
+2 92
+10 184
3950 138
+2 46
+51 13
+1 2
+64 15
-65 12
-36 135
-2 90

fl=(44)
fn=(172)
100 1
+2 1
+1 1
+1 1
+9 1

fn=(180)
120 1
+2 1
+1 1
+1 1
+9 1

fl=(65)
fn=(244)
25 1
+1 1
+1 1
+1 1
+1 1
+1 1
+1 1
+1 1
+1 1
+1 1
+1 1
+1 1
+1 1
+1 1
+1 1
+1 1
+1 1
+1 1
+1 1
+1 1
+1 1
+1 1
+1 1
+13 1
+1 1
+1 1
+1 1
+7 1
+1 1
+1 1
+1 1
+1 1
+1 1
+1 1

fl=(72)
fn=(288)
134 7
+10 1
-10 3
+10 7
+62 1
-62 1
+62 1
+1 4
cfi=(73)
cfn=(290)
calls=1 56 
* 61
+22 6
+3 2
+1 5
cob=(6)
cfi=(69)
cfn=(294)
calls=1 0 
* 57
+4 4
+15 2
+9 2
cfi=(74)
cfn=(308)
calls=1 33 
* 30
+1 2
+5 2
+1 2
+3 2
+3 6
cob=(6)
cfi=(77)
cfn=(314)
calls=1 29 
* 11074740732

fl=(78)
fn=(322) __fopen_internal
65 6
+8 1
-8 2
+8 1
cfi=(79)
cfn=(326)
calls=1 2886 
* 57649
* 1
+2 1
-2 1
+2 1
+3 1
+3 5
-3 1
+3 1
cfi=(86)
cfn=(346)
calls=1 644 
* 58
+4 1
+1 1
-1 1
+1 1
cfi=(87)
cfn=(350)
calls=1 +58 
* 95
+4 5
cfi=(87)
cfn=(354)
calls=1 260 
* 113
* 1
+1 1
-1 1
+6 5
-5 1
cfn=(362) __fopen_maybe_mmap
calls=1 -49 
* 4

fn=(320)
103 2
cfn=(322)
calls=1 -38 
* 57959

fn=(362)
42 1
-2 1
+2 1
+15 1

fl=(48)
fn=(182)
27 1
+1 1
+1 1
+1 1
+1 1
+2 1
+1 1
+5 1

fl=(45)
fn=(174)
36 1
+1 1
+3 2
-3 4
+3 1
cfi=(46)
cfn=(176)
calls=1 -13 
* 7
* 3
+1 3

fl=(50)
fn=(186)
0 15

totals: 11074912212
