version: 1
creator: callgrind-3.11.0
pid: 17578
cmd:  ./um umbin/midmark.um
part: 1


desc: I1 cache: 
desc: D1 cache: 
desc: LL cache: 

desc: Timerange: Basic block 0 - 1175484482
desc: Trigger: Program termination

positions: line
events: Ir
summary: 4670246446


ob=(1) /usr/lib64/ld-2.17.so
fl=(11) /usr/src/debug/glibc-2.17-c758a686/elf/../misc/sbrk.c
fn=(22) sbrk
34 4
+8 6
+4 2
+11 5

fl=(15) /usr/src/debug/glibc-2.17-c758a686/elf/dl-object.c
fn=(32) _dl_new_object
62 44
+1 4
-1 8
+1 4
cfi=(10) /usr/src/debug////////glibc-2.17-c758a686/string/../sysdeps/x86_64/rtld-strlen.S
cfn=(20) strlen
calls=4 -35 
* 228
+6 4
-6 12
+6 44
+7 16
cfi=(17) /usr/src/debug/glibc-2.17-c758a686/elf/dl-minimal.c
cfn=(36) calloc
calls=4 +26 
* 225
* 4
+3 4
-3 4
+3 4
+4 4
+5 4
-6 4
+6 4
-5 4
+5 4
-1 8
+1 4
cfi=(18) /usr/src/debug////////glibc-2.17-c758a686/string/../sysdeps/x86_64/memcpy.S
cfn=(46) memcpy
calls=4 -27 
* 120
* 4
+4 4
-2 4
+3 4
-1 4
+1 16
+3 4
-3 4
+3 4
+9 4
-7 4
+4 4
+3 9
+2 2
-2 2
+2 30
-2 30
+12 4
+6 4
-5 4
-1 4
+6 12
-2 4
+2 8
+2 9
+3 9
+4 9
+4 9
+2 1
+6 1
+3 2
+3 5
-3 6
+3 15
+2 3
+4 3
-4 3
cfi=(10)
cfn=(20)
calls=3 28 
* 165
* 6
+4 3
-4 3
+4 9
+64 6
+4 32
-88 9
-39 9
+39 3
+70 9
cfi=(18)
cfn=(68) mempcpy
calls=3 61 
* 108
* 3
+5 50
+1 50
-1 50
+1 53
-1 3
+1 9
+5 6
-57 6
cfi=(17)
cfn=(40) malloc
calls=3 -67 
* 102
* 3
+1 3
-1 3
+1 9

fn=(48) _dl_add_to_namespace_list
33 8
+2 4
-2 12
+2 4
cfi=(2) /usr/src/debug/glibc-2.17-c758a686/elf/rtld.c
cfn=(50) rtld_lock_default_lock_recursive
calls=4 917 
* 8
+2 29
+4 6
-1 27
+2 3
+2 3
+4 3
+4 3
-4 6
+1 6
+1 6
+2 3
+1 9
-1 3
cfi=(2)
cfn=(52) rtld_lock_default_unlock_recursive
calls=3 923 
* 6
-4 1
+4 1
-4 2
+1 2
+1 2
+2 1
+1 3
-1 1
cfi=(2)
cfn=(52)
calls=1 923 
* 2
-5 2

fl=(13) /usr/src/debug/glibc-2.17-c758a686/elf/dl-environ.c
fn=(28) _dl_next_ld_env_entry
30 3
+3 11
+2 126
+11 61
-13 183
-2 1
+19 1
-14 18
+5 2
-3 2
+3 2
+2 2

fl=(39) /usr/src/debug/glibc-2.17-c758a686/elf/dl-cache.c
fn=(218) _dl_unload_cache
316 4
-1 1
+3 2
cfi=(35) /usr/src/debug////////glibc-2.17-c758a686/misc/../sysdeps/unix/syscall-template.S
cfn=(220) munmap
calls=1 81 
* 5
+1 1
+2 2

fn=(136) _dl_cache_libcmp
139 66
+1 50
+2 222
+2 111
-2 111
+2 6
+6 3
+2 3
-1 3
-1 3
+1 3
-1 3
+2 9
+2 15
+2 6
+6 216
+2 394
+4 89
+1 89
-29 178
+32 6
+1 6
-8 19
+8 38

fn=(132) _dl_load_cache_lookup
185 18
+8 4
+3 6
+45 5
+6 2
-6 1
+6 2
+8 2
+20 2
-20 2
+7 2
-7 4
+20 2
-13 4
-7 2
+7 2
+13 302
cfn=(136)
calls=19 139 
* 1360
* 85
-76 4
cfi=(31) /usr/src/debug/glibc-2.17-c758a686/elf/dl-misc.c
cfn=(134) _dl_sysdep_read_whole_file
calls=1 43 
* 94
+8 1
-8 1
+8 4
+1 4
cfi=(14) /usr/src/debug/glibc-2.17-c758a686/string/../string/memcmp.c
cfn=(30) bcmp
calls=1 319 
* 112
* 2
+7 1
-3 1
+3 3
+3 1
+1 2
-1 1
+1 1
+1 3
cfi=(14)
cfn=(30)
calls=1 +99 
* 111
* 2
+2 2
+53 34
cfn=(136)
calls=1 139 
* 72
* 6
cfn=(136)
calls=2 139 
* 217
* 10
-12 6
+12 2
-12 4
-1 4
+13 46
+16 4
+4 4
+8 6
cfi=(10)
cfn=(20)
calls=2 28 
* 117
* 4
+1 2
-1 6
+1 2
-1 2
+1 4
cfi=(18)
cfn=(46)
calls=2 61 
* 54
+1 4
cfi=(40) /usr/src/debug/glibc-2.17-c758a686/string/strdup.c
cfn=(138) strdup
calls=2 40 
* 226
+1 16

fl=(27) /usr/src/debug/glibc-2.17-c758a686/elf/dl-tls.c
fn=(78) _dl_count_modids
111 2
+1 2

fn=(140) _dl_next_tls_modid
52 3
+48 2
+4 1

fn=(188) _dl_add_to_slotinfo
879 6
+6 1
+3 2
+5 5
+41 1
+1 3
+1 6

fn=(156) _dl_allocate_tls_storage
349 1
+13 1
-13 2
+2 1
+11 2
cfi=(17)
cfn=(44) __libc_memalign
calls=1 51 
* 78
* 1
+1 1
-1 1
+1 1
+7 1
+4 306
-58 1
+1 1
-1 1
+1 2
cfi=(17)
cfn=(36)
calls=1 102 
* 43
* 1
+1 2
+9 1
-6 1
+6 1
+64 5

fn=(154) _dl_determine_tlsoffset
144 1
+34 1
-34 1
+34 2
-45 1
+1 1
+2 1
-3 1
+2 1
-2 1
+43 1
-43 2
+50 1
-1 1
+5 2
-4 1
-1 1
+7 1
-7 1
+3 2
+2 1
+2 1
-2 2
+16 5
+2 1
+1 1
-1 2
+4 1
+6 1
-12 1
-25 5
+40 1
+53 4
-1 1
+1 3
-52 1
+52 1

fn=(214) _dl_allocate_tls_init
443 7
+1 1
-1 1
+1 1
+4 1
+6 2
-6 2
+6 2
+12 1
-15 1
-1 2
+21 6
+6 12
+3 1
+1 2
+7 1
+2 1
-2 2
+2 3
+1 1
+3 2
-1 2
+18 1
-2 1
-8 1
+8 2
-8 1
+8 1
cfi=(18)
cfn=(68)
calls=1 61 
* 23
* 4
cfi=(36) /usr/src/debug////////glibc-2.17-c758a686/string/../sysdeps/x86_64/rtld-memset.S
cfn=(116) memset
calls=1 30 
* 134
* 2
-38 3
+52 2
+2 1
+1 8

fl=(8) /usr/src/debug/glibc-2.17-c758a686/elf/../sysdeps/unix/sysv/linux/x86_64/brk.c
fn=(14) brk
31 1
-3 1
+3 6
+8 1
-6 2
+7 1

fl=(60) /usr/src/debug/glibc-2.17-c758a686/elf/dl-init.c
fn=(224) _dl_init
90 10
+5 1
-4 1
-1 1
+2 1
+3 2
+7 6
+28 3
+1 4
-97 3
+97 16
-97 12
+9 4
-3 8
+3 12
+5 9
+5 4
+8 4
+2 4
+4 8
cob=(2) ???
cfi=(16) ???
cfn=(258) 0x0000000004c2b1c0
calls=1 -67 
* 6
cob=(3) /usr/lib64/libc-2.17.so
cfi=(62) /usr/src/debug/glibc-2.17-c758a686/csu/../csu/init-first.c
cfn=(238) _init
calls=1 -15 
* 148
+4 2
+1 4
+6 4
+2 4
-2 2
+3 12
+1 8
cob=(4) /usr/lib64/libm-2.17.so
cfi=(55) ???
cfn=(262) 0x0000000000005730
calls=1 -82 
* 16
cob=(3)
cfi=(67) /usr/src/debug/glibc-2.17-c758a686/string/../sysdeps/x86_64/cacheinfo.c
cfn=(248) init_cacheinfo
calls=1 478 
* 1879
* 2
-1 8
+49 10
+4 1
+1 8
-86 4
-15 3
+9 1
-3 2
+3 3
+5 3
+5 2
+8 2
+2 2
+4 5
cob=(2)
cfi=(16)
cfn=(226) 0x0000000004a24510
calls=1 -67 
* 6
* 1
+4 1
+1 2
+6 2
+2 2
-2 1
+3 6
+1 4
cob=(5) /usr/sup/valgrind-3.11.0/lib/valgrind/vgpreload_core-amd64-linux.so
cfi=(61) ???
cfn=(230) 0x0000000000000640
calls=1 -82 
* 17
* 1
-1 4
+17 2
-54 3

fl=(21) /usr/src/debug/glibc-2.17-c758a686/elf/../sysdeps/unix/sysv/linux/dl-sysdep.c
fn=(60) _dl_discover_osversion
45 7
+2 3
+85 8
-45 3
cfi=(22) /usr/src/debug////////glibc-2.17-c758a686/posix/../sysdeps/unix/syscall-template.S
cfn=(62) uname
calls=1 -6 
* 5
* 1
+15 1
-15 1
+20 1
-1 1
+3 12
+4 3
-2 6
+2 10
+2 1
+1 2
-3 4
+7 3
-1 3
+4 3
-2 3
+2 10
+5 2

fl=(23) /usr/src/debug/glibc-2.17-c758a686/elf/dl-load.c
fn=(100) open_verify
1681 130
+36 13
-36 26
+36 26
+21 52
cfi=(32) /usr/src/debug////////glibc-2.17-c758a686/io/../sysdeps/unix/syscall-template.S
cfn=(102) open
calls=13 81 
* 105
+1 13
-1 13
+1 13
+10 3
+1 6
+5 18
cfi=(32)
cfn=(104) read
calls=3 81 
* 15
+2 6
+2 3
+2 3
-2 3
+2 3
-2 3
+8 6
+16 15
cfi=(14)
cfn=(30)
calls=3 319 
* 258
* 6
+2 3
-2 6
+4 12
cfi=(14)
cfn=(30)
calls=3 319 
* 240
-4 6
+60 6
+5 6
+3 12
+5 6
+7 3
+1 3
-1 12
+1 9
+1 3
+15 127
+1 42
+4 8
+1 4
+13 2
+1 2
+2 2
-3 2
+1 2
-1 2
+1 2
-2 2
+4 4
+5 2
+1 2
-13 8
cfi=(14)
cfn=(30)
calls=2 319 
* 146
* 8
cfi=(14)
cfn=(30)
calls=2 319 
* 160
* 8
+16 4
+6 2
-3 2
+1 2
+1 2
+1 4
+1 8
-4 2
+1 2
+1 2
-1 6
-1 2
+4 4
+5 10
+8 96
1814 1
1931 8
1783 8
cfi=(14)
cfn=(30)
calls=2 319 
* 176
* 4

fn=(98) expand_dynamic_string_token
419 9
+10 2
-10 1
+10 1
cfi=(25) /usr/src/debug////////glibc-2.17-c758a686/string/../sysdeps/x86_64/rtld-strchr.S
cfn=(70) index
calls=1 40 
* 169
* 2
161 2
cfi=(10)
cfn=(20)
calls=1 28 
* 97
* 1
+1 2
cfi=(17)
cfn=(40)
calls=1 -69 
* 34
* 1
+2 2
444 1
167 2
444 6
167 2
cfi=(18)
cfn=(46)
calls=1 61 
* 56

fn=(106) _dl_map_object_from_fd
916 33
+11 3
-11 3
+11 3
-11 9
+11 3
cfi=(26) /usr/src/debug/glibc-2.17-c758a686/elf/dl-debug.c
cfn=(76) _dl_debug_initialize
calls=3 51 
* 24
+4 9
-4 3
+4 3
cfi=(33) /usr/src/debug/glibc-2.17-c758a686/io/../sysdeps/unix/sysv/linux/wordsize-64/fxstat.c
cfn=(110) _fxstat
calls=3 36 
* 30
* 6
+11 21
+1 9
-1 27
+1 36
+17 6
+25 6
+10 6
+22 3
-89 3
+89 9
+35 21
cfi=(15)
cfn=(32)
calls=3 62 
* 1477
+1 3
-1 3
+1 3
+11 6
+5 3
-5 3
+1 6
+1 3
+2 3
-2 3
+2 12
+1 9
+1 3
+24 6
+8 3
-8 27
+8 3
-8 3
+8 3
+99 3
1095 3
1201 3
+8 3
1096 3
1209 3
1085 3
1209 3
-8 9
-98 45
-1 184
+1 133
+6 6
+1 9
+1 3
+3 2
+1 1
+5 30
+6 12
+1 6
-1 24
+7 24
+11 6
+2 6
-1 6
+4 6
-5 6
+1 6
-1 12
+2 6
-1 6
+2 6
+3 6
+4 6
-9 6
+2 6
+1 6
+1 6
+1 6
+4 6
+1 9
+5 6
-16 3
+16 15
+10 3
-10 6
-16 3
+16 15
+10 3
+3 3
+5 1
-1 1
+3 1
-1 1
-1 1
+1 1
+3 3
+1 2
+3 2
+4 4
+6 1
cfi=(27)
cfn=(140)
calls=1 52 
* 6
* 2
+1 1
+60 6
+1 9
+1 3
-6 6
+1 9
+8 9
+13 24
+2 6
+14 3
+5 18
cfi=(34) /usr/src/debug/glibc-2.17-c758a686/misc/../sysdeps/unix/sysv/linux/wordsize-64/mmap.c
cfn=(112) mmap
calls=3 32 
* 105
+4 3
-4 3
+4 3
+7 3
+1 3
-1 3
+1 3
+2 3
-3 3
+1 3
+2 3
+10 3
+2 3
+33 18
+3 6
+8 24
+6 3
+2 3
-2 3
+1 3
+2 3
-1 3
+1 3
-1 9
+8 6
+3 6
+11 21
cfi=(36)
cfn=(116)
calls=3 30 
* 1998
+1 15
+5 6
+15 6
-74 30
+2 12
+2 24
cfi=(34)
cfn=(112)
calls=3 32 
* 93
* 6
+9 6
+2 3
-2 3
+2 3
+1 12
+1 4
+1 2
-1 4
+1 8
-1 4
+3 8
1065 3
1421 12
+9 6
fi=(3) /usr/src/debug/glibc-2.17-c758a686/elf/get-dynamic-info.h
38 3
fe=(23)
1430 3
fi=(3)
38 3
+6 3
-2 3
+2 6
+7 3
+5 3
+3 3
-1 3
-3 3
-3 66
+10 15
-18 45
+8 58
+10 58
-18 174
+18 2
-18 6
+2 150
+5 68
+2 8
+16 6
+20 12
+1 12
+1 12
+1 12
+2 12
+5 12
+1 11
+1 11
+35 9
+5 2
+2 2
-2 2
+2 2
+2 4
+2 4
+1 1
+2 9
+10 2
-8 4
+9 4
-1 2
+5 4
+1 2
+2 6
fe=(23)
1436 6
+16 9
+19 6
+2 15
+51 9
+1 2
+3 2
cfi=(32)
cfn=(120) close
calls=1 81 
* 5
* 4
cfi=(32)
cfn=(120)
calls=2 81 
* 10
* 6
+8 15
+3 9
+2 3
-2 3
+2 3
+16 6
cfi=(6) /usr/src/debug/glibc-2.17-c758a686/elf/dl-lookup.c
cfn=(10) _dl_setup_hash
calls=3 865 
* 60
+4 6
+1 6
+17 6
+1 1
+3 1
+6 1
-6 1
+1 2
+5 1
-6 2
+6 2
-6 2
+1 4
+5 2
+10 6
+10 9
cfi=(15)
cfn=(48)
calls=3 33 
* 132
+4 12
+20 24
1317 3
-1 15
cfi=(35)
cfn=(114) mprotect
calls=3 81 
* 15
* 3
+90 8
cfi=(34)
cfn=(112)
calls=1 32 
* 31
+3 2
fi=(3)
56 8
+3 8
+1 2
+1 8
fe=(23)
1536 6
+1 2

fn=(94) _dl_map_object
2094 6
+12 12
-12 6
+12 6
-12 54
+12 6
-12 12
+12 12
+12 30
-12 45
+5 54
+1 36
+2 54
cfi=(31)
cfn=(96) _dl_name_match_p
calls=18 304 
* 1245
* 39
2399 48
2141 6
+11 12
-56 6
+92 6
-2 3
+2 3
cfi=(25)
cfn=(70)
calls=3 40 
* 175
* 6
2330 6
cfn=(98)
calls=1 419 
* 390
+1 1
-3 1
+4 1
-1 2
+4 6
cfn=(100)
calls=1 1681 
* 328
+3 1
-3 1
+3 1
+12 9
+2 6
+44 3
+1 21
-1 3
+1 15
cfn=(106)
calls=3 916 
* 6542
* 3
2192 4
cfi=(10)
cfn=(20)
calls=2 28 
* 121
* 2
+2 2
-2 2
+2 2
+7 8
+35 4
+1 30
cfn=(128) open_path
calls=2 1945 
* 1848
* 6
+6 12
687 2
2244 2
687 4
2322 4
-97 10
+21 4
+6 8
+2 6
+4 4
cfi=(39)
cfn=(132)
calls=2 185 
* 3009
+2 2
-2 2
+2 2
+5 6
+8 4
+28 20
cfn=(100)
calls=2 1681 
* 1218
+3 2
-3 2
+3 4
+1 4
-79 14
687 2
2227 2
687 4
2205 2
+8 10
-7 4
-1 2
+8 16
-3 6
687 2
2211 2
687 4
2119 45
+3 6
+2 6
-1 12
+1 6
cfi=(19) /usr/src/debug////////glibc-2.17-c758a686/string/../sysdeps/x86_64/strcmp.S
cfn=(54) strcmp
calls=6 134 
* 105
* 12

fn=(128)
1945 16
+1 2
-1 10
+7 2
-7 2
+1 2
+6 2
+5 4
-7 2
+7 2
-8 2
+8 6
+74 2
-74 2
+74 2
-22 4
-52 2
+52 6
-40 2
-9 2
+9 4
-9 2
+9 2
+7 16
cfi=(18)
cfn=(68)
calls=4 61 
* 116
+1 4
-1 4
+1 12
-13 8
+33 16
-20 38
+3 32
+4 80
cfi=(18)
cfn=(68)
calls=10 61 
* 198
* 40
cfi=(18)
cfn=(68)
calls=10 61 
* 230
* 10
+3 10
+3 20
+3 70
cfn=(100)
calls=10 1681 
* 400
* 10
+2 30
+26 8
+2 6
-21 16
+1 72
+6 16
+2 24
-2 8
+2 8
cfi=(38) /usr/src/debug/glibc-2.17-c758a686/io/../sysdeps/unix/sysv/linux/wordsize-64/xstat.c
cfn=(130) _xstat
calls=8 36 
* 98
* 16
+1 2
+2 2
-2 2
+2 16
+7 4
-44 4
+37 12
+7 12
-44 14
+85 20
+7 4
-2 4
+2 12
+3 6
-13 2
+27 22
-72 12

fn=(72) fillin_rpath
489 7
+2 1
-2 9
+4 3
cfi=(17)
cfn=(74) strsep
calls=1 340 
* 243
* 6
cfi=(17)
cfn=(74)
calls=2 340 
* 207
* 9
+3 4
cfi=(10)
cfn=(20)
calls=2 28 
* 89
+4 2
-4 2
+4 2
+7 12
+12 25
+1 10
+18 4
+4 6
+1 6
-1 2
+1 2
-2 2
cfi=(17)
cfn=(40)
calls=2 93 
* 68
* 2
+3 2
-3 2
+3 6
+5 2
+1 6
-2 2
+2 2
cfi=(18)
cfn=(68)
calls=2 61 
* 58
+3 2
-3 2
+3 2
-2 2
+2 2
+1 1
+5 4
+1 2
-1 4
+1 26
+1 20
+3 2
-1 4
+1 2
+7 2
+1 2
+3 6
-68 4
+5 4
+3 6
+23 4
+42 1
+3 9
-14 4

fn=(64) _dl_init_paths
710 1
+15 2
-15 8
+15 3
cfi=(24) /usr/src/debug/glibc-2.17-c758a686/elf/dl-hwcaps.c
cfn=(66) _dl_important_hwcaps
calls=1 39 
* 333
+5 1
-5 1
+5 1
cfi=(17)
cfn=(40)
calls=1 93 
* 34
* 1
+1 1
-1 1
-1 1
+2 1
+8 1
-1 1
+1 1
-1 4
+5 4
cfi=(17)
cfn=(40)
calls=1 93 
* 34
* 1
+2 1
-2 1
-1 1
+3 1
+7 1
+10 1
+9 1
-20 1
+12 1
-1 1
+3 1
+1 1
-1 1
+6 9
+1 10
+2 2
-12 1
+12 1
-14 1
+2 1
+3 1
-2 1
+3 1
-1 8
+1 3
+6 11
-1 2
+14 1
-11 1
+6 1
+1 1
+5 2
+4 3
+32 4
+8 3
cfi=(25)
cfn=(70)
calls=1 40 
* 95
* 2
+2 2
cfi=(10)
cfn=(20)
calls=1 28 
* 76
* 8
cfi=(18)
cfn=(46)
calls=1 61 
* 31
* 1
+17 3
-1 2
+3 1
+1 3
+1 1
-4 3
+2 26
+1 78
+1 26
-4 79
+8 1
cfi=(17)
cfn=(40)
calls=1 93 
* 34
* 1
+1 1
-2 1
+2 1
+6 7
cfn=(72)
calls=1 489 
* 920
+4 3
+6 1
+4 8
-72 1
-2 1
+2 2
+11 2
-46 2

fl=(103) /usr/src/debug/glibc-2.17-c758a686/elf/dl-fini.c
fn=(500) _dl_sort_fini
33 9
+2 1
-2 4
+2 1
+6 1
-1 2
+2 1
-1 1
-1 2
+1 4
+1 1
cfi=(36)
cfn=(116)
calls=1 -12 
* 16
* 1
+15 8
+62 5
+3 27
cfi=(36)
cfn=(116)
calls=3 -92 
* 30
* 12
-75 6
-1 9
+1 3
+4 9
+71 1
-75 2
-1 3
+1 1
+4 11
+6 4
+1 4
-1 4
+1 7
+2 12
+1 6
-1 12
+1 9
+3 21
-1 30
+31 18
+21 6
-57 12
+61 16
+7 8

fn=(498) _dl_fini
132 3
+12 1
-12 5
+19 1
-6 1
+9 10
+3 2
cfi=(2)
cfn=(50)
calls=1 917 
* 2
+3 2
+3 2
+2 7
+11 3
+2 2
+3 9
+11 2
+2 10
+4 5
+2 5
-2 10
+6 5
-5 5
-7 15
+19 6
cfn=(500)
calls=1 33 
* 340
+9 2
cfi=(2)
cfn=(52)
calls=1 923 
* 2
+4 4
+2 1
+2 3
-2 4
+2 12
+3 10
+3 15
+4 6
+7 6
+4 3
+1 3
-1 3
+2 6
+1 9
+1 6
cob=(4)
cfi=(55)
cfn=(540) 0x00000000000056f0
calls=1 0 
* 1401
cob=(5)
cfi=(61)
cfn=(514) 0x0000000000000600
calls=1 0 
* 1115
cob=(6) /h/nbhati04/Desktop/comp40/hw6/submit/um
cfi=(69) ???
cfn=(502) 0x0000000000400f00
calls=1 0 
* 17
-1 9
+5 9
+1 9
cob=(2)
cfi=(16)
cfn=(560) 0x0000000004c96278
calls=1 0 
* 3
cob=(2)
cfi=(16)
cfn=(538) 0x0000000004a247a8
calls=1 0 
* 3
cob=(2)
cfi=(16)
cfn=(512) 0x0000000000405144
calls=1 0 
* 3
+5 30
+16 10
-55 11
-70 2
284 6
-49 4
+55 2
+7 8

fl=(40)
fn=(138)
40 8
+1 2
cfi=(10)
cfn=(20)
calls=2 -13 
* 68
* 2
+1 4
cfi=(17)
cfn=(40)
calls=2 +51 
* 68
* 2
+2 4
+4 2
-1 4
+1 4
-1 4
cfi=(18)
cfn=(46)
calls=2 +14 
* 54

fl=(33)
fn=(110)
36 4
-1 4
+1 4
+1 24
+4 4

fl=(38)
fn=(130)
36 8
-1 8
+1 8
+1 48
+4 2
-4 24

fl=(30) /usr/src/debug////////glibc-2.17-c758a686/setjmp/../sysdeps/x86_64/setjmp.S
fn=(90) __sigsetjmp
26 6
+9 6
+1 12
+1 6
+4 6
+1 6
+1 6
+1 6
+1 6
+2 12
+2 6
+1 6
+1 6
+2 12
+2 6
+4 6
+1 6

fl=(12) /usr/src/debug/glibc-2.17-c758a686/elf/dl-tunables.c
fn=(26) _dl_process_tunable_env_entries
37 1
-8 1
+8 1
+1 4
+4 126
+15 63
-19 189
+22 2

fl=(36)
fn=(116)
30 12
+1 12
+1 12
+1 2164
+1 12
+1 12

fl=(41) /usr/src/debug/glibc-2.17-c758a686/elf/dl-version.c
fn=(146) _dl_check_all_versions
381 6
+4 4
-2 2
+4 35
cfn=(148) _dl_check_map_versions
calls=5 174 
* 4615
-2 5
+2 15
-1 5
-1 10
+5 7

fn=(148)
174 45
+15 5
-15 10
+15 10
+2 5
+3 5
-3 5
+2 5
+1 5
+2 5
-3 5
+3 5
+3 12
+4 18
+17 3
56 3
220 3
56 3
220 3
56 15
220 1
56 1
220 1
56 1
220 1
56 5
+1 14
-1 28
+2 54
cfi=(31)
cfn=(96)
calls=18 304 
* 1240
* 40
228 12
+5 32
+20 4
-16 103
cfn=(150) match_symbol
calls=3 76 
* 528
* 15
cfn=(150)
calls=5 76 
* 919
* 8
+8 32
+3 32
+9 16
+5 1
+1 1
-80 2
-8 2
+96 15
+3 9
+10 28
-7 112
+3 84
-3 12
+3 9
+8 5
+86 5
-86 5
+87 8
-81 16
cfi=(17)
cfn=(36)
calls=4 102 
* 220
* 4
+1 4
-2 4
+2 4
+11 4
-3 4
+3 8
+2 12
+3 12
+4 12
+18 4
-15 12
+2 12
-2 12
+2 12
+2 8
+1 8
-1 16
+1 8
-1 8
+1 8
+1 8
-2 8
+2 16
+1 24
+3 24
+8 12
+5 1
+1 1
+4 12
+3 12
+20 28
-14 28
-2 28
+2 31
-2 3
+2 3
+4 28
+2 28
-1 56
+1 28
-1 84
+1 28
+1 28
+3 93
+10 4
-1 4
+1 28

fn=(150)
76 88
+9 8
-8 8
-1 16
+1 8
+8 8
+6 24
+18 16
+5 16
+14 122
+12 159
+4 53
-30 106
+16 8
+3 32
cfi=(19)
cfn=(54)
calls=8 +1 
* 695
* 16
+35 64

fl=(35)
fn=(114)
81 32
+1 8

fn=(220)
81 4
+1 1

fl=(2)
fn=(2) _dl_start
441 9
+18 4
fi=(3)
44 1
fe=(2)
459 1
fi=(5) /usr/src/debug/glibc-2.17-c758a686/elf/../sysdeps/x86_64/dl-machine.h
59 3
fi=(3)
-15 1
fe=(2)
488 1
-3 1
fi=(3)
44 1
+17 2
-3 1
-7 1
+5 1
+3 1
+2 1
-3 1
-3 1
-3 2
-5 28
+15 14
-18 42
+18 1
-18 3
+2 40
+5 24
+1 20
+10 5
-18 15
+25 2
+20 4
+1 4
+1 4
+1 4
+2 4
+5 4
+1 4
+1 4
fe=(2)
621 34
fi=(4) /usr/src/debug/glibc-2.17-c758a686/elf/do-rel.h
111 1
-28 1
+28 2
fi=(5)
497 3
fi=(4)
111 2
fi=(5)
497 1
fi=(4)
111 1
fi=(5)
497 27
fi=(4)
111 18
fi=(5)
497 9
fi=(4)
111 9
+13 1
fi=(5)
309 1
fi=(4)
124 2
+13 1
+2 2
-2 1
fi=(5)
263 1
fi=(4)
137 1
fi=(5)
291 1
fi=(4)
137 2
fi=(5)
291 1
fi=(4)
137 8
+2 16
-2 8
fi=(5)
263 8
fi=(4)
137 8
fi=(5)
291 8
fi=(4)
137 16
fi=(5)
291 8
+9 18
+3 9
-3 18
+3 27
+6 54
fi=(3)
53 4
+3 4
+3 4
+1 1
+1 2
fe=(2)
378 1
623 1
378 1
cfi=(6)
cfn=(10)
calls=1 865 
* 23
+1 2
+1 2
+1 2
+1 2
+20 1
+9 1
-9 3
+9 1
-6 1
-3 1
+9 1
cfi=(7) /usr/src/debug/glibc-2.17-c758a686/elf/../elf/dl-sysdep.c
cfn=(12) _dl_sysdep_start
calls=1 86 
* 166910
* 1
+9 4
+3 1
+4 1
-4 1
+4 1
648 9
fi=(5)
398 9
+9 9
fi=(4)
124 28
fe=(2)

fn=(52)
923 12

fn=(88) _dl_initial_error_catch_tsd
877 14

fn=(152) init_tls
803 1
-1 1
-6 1
+2 2
+4 1
+10 2
-4 1
+4 2
cfi=(17)
cfn=(36)
calls=1 102 
* 43
* 1
-1 1
+6 1
-9 1
+11 1
+6 1
-1 1
+1 12
+2 10
+4 1
+2 1
-2 2
-5 10
+12 1
cfi=(27)
cfn=(154)
calls=1 144 
* 56
+7 1
cfi=(27)
cfn=(156)
calls=1 349 
* 455
+1 1
-1 1
+1 1
+6 1
+8 1
-8 1
+8 6
+4 2
+3 2

fn=(144) version_check_doit
736 2
+2 4
cfi=(41)
cfn=(146)
calls=1 381 
* 4704
* 2
+4 2

fn=(50)
917 12

fn=(82) handle_ld_preload
970 7
+1 1
-1 1
-75 1
+86 1
-11 1
-75 6
+80 3
fi=(28) /usr/src/debug/glibc-2.17-c758a686/elf/../string/bits/string2.h
+9 3
+1 5
-1 264
+1 132
+1 66
-2 66
+2 66
-2 199
+2 1
-2 3
fe=(2)
-5 3
+10 4
108 3
992 2
890 1
+5 5
-10 1
+4 1
+1 1
+1 1
+2 1
+2 1
cfi=(29) /usr/src/debug/glibc-2.17-c758a686/elf/dl-error.c
cfn=(86) _dl_catch_error
calls=1 159 
* 2639
+1 2
+8 3
+89 1
-18 3
+21 9
-15 4
cfi=(18)
cfn=(46)
calls=1 61 
* 94
* 1
+1 3

fn=(92) map_doit
704 2
+2 7
cfi=(23)
cfn=(94)
calls=1 2094 
* 2569
* 1
+2 2

fn=(24) dl_main
1005 1
+19 1
-19 4
2598 1
1005 6
+19 1
+3 1
2598 1
1005 1
+22 1
+4 2
+1 2
+5 2
2591 2
+7 1
-5 1
+5 4
+5 1
cfi=(12)
cfn=(26)
calls=1 37 
* 387
* 1
-9 4
+11 2
cfi=(13)
cfn=(28)
calls=1 30 
* 34
* 4
cfi=(13)
cfn=(28)
calls=2 30 
* 378
* 9
+4 48
+1 19
-1 57
+3 4
+6 16
2766 3
+30 3
1045 2
-2 1
+2 1
1241 7
cfi=(15)
cfn=(32)
calls=1 62 
* 244
* 1
+3 1
+1 1
+5 2
-5 1
+1 1
1014 1
1246 1
+4 1
cfi=(15)
cfn=(48)
calls=1 33 
* 34
* 3
+30 1
-3 1
-5 1
+1 1
+2 1
+5 6
+56 2
1011 1
1336 2
-55 24
-1 27
+1 47
-1 2
1383 3
+3 2
+2 2
+2 2
+13 2
+1 8
cfi=(19)
cfn=(54)
calls=1 134 
* 7
* 3
+11 1
-4 1
+1 1
-3 1
+6 1
+6 2
fi=(3)
29 1
+9 2
+6 1
-2 1
+2 2
+7 1
+5 1
+3 1
+2 1
-3 1
-3 1
-3 14
+10 3
-18 9
+8 21
+10 21
-18 63
+2 48
+5 12
+18 3
+67 3
+14 3
+18 2
fe=(2)
1426 2
cfi=(6)
cfn=(10)
calls=1 865 
* 14
+3 2
fi=(20) /usr/src/debug/glibc-2.17-c758a686/elf/setup-vdso.h
24 2
fe=(2)
1451 1
cfi=(21)
cfn=(60)
calls=1 45 
* 93
* 8
1285 3
+1 1
+90 2
+1 2
+1 1
-6 2
+1 1
-37 2
-1 2
+1 4
-1 2
+2 4
+1 1
+3 2
+1 2
-1 2
+1 2
+1 2
+1 6
+1 2
-45 1
+9 1
-9 1
+9 1
-7 1
+25 1
-25 1
-3 1
+10 1
-19 3
+1 1
2693 4
+1 4
cfi=(14)
cfn=(30)
calls=1 319 
* 120
* 2
+2 3
-57 4
cfi=(14)
cfn=(30)
calls=1 319 
* 26
* 2
+7 4
cfi=(14)
cfn=(30)
calls=1 319 
* 80
* 2
+2 3
1456 2
cfi=(23)
cfn=(64)
calls=1 710 
* 1939
+3 3
cfi=(26)
cfn=(76)
calls=1 51 
* 17
+7 1
-7 1
+2 1
+5 1
+3 3
+1 1
+3 1
-3 3
+1 2
+3 1
+5 1
-7 1
+7 1
+1 5
+4 1
+4 1
-2 4
+1 2
+1 3
+5 2
+1 6
+2 2
+1 2
+5 2
+6 4
+1 2
-2 1
1020 1
1688 1
cfi=(27)
cfn=(78)
calls=1 111 
* 4
* 1
+8 3
+3 2
+4 3
+7 1
+4 3
+19 3
+16 3
cfi=(32)
cfn=(122) access
calls=1 81 
* 9
* 2
+77 4
+17 3
+1 1
-1 1
+1 2
-1 1
+1 5
cfi=(37) /usr/src/debug/glibc-2.17-c758a686/elf/dl-deps.c
cfn=(124) _dl_map_object_deps
calls=1 147 
* 15971
+1 1
+5 1
-5 3
+2 2
+3 4
+1 4
-1 2
+1 16
-1 8
+4 3
+1 3
+1 1
+2 2
+1 5
-1 5
+1 6
-1 9
1445 3
1735 3
+1 1
-1 2
+1 1
cfn=(82)
calls=1 970 
* 3609
* 1
+1 4
+2 3
1872 1
-1 2
+1 1
+2 1
+2 3
+2 1
-4 1
+4 2
+15 2
+1 3
+13 1
-2 1
+2 1
-2 1
+2 1
-1 1
-1 2
+2 1
cfi=(29)
cfn=(142) _dl_receive_error
calls=1 197 
* 4744
+10 1
+1 1
-1 1
+1 1
+1 1
cfn=(152)
calls=1 803 
* 626
* 1
+2 2
932 1
fi=(107) /usr/src/debug/glibc-2.17-c758a686/elf/../sysdeps/unix/sysv/linux/dl-osinfo.h
86 2
fe=(2)
934 1
fi=(107)
112 1
fe=(2)
943 1
+7 1
-5 1
1926 2
2159 3
+56 1
+4 1
+7 1
-11 1
+4 3
+4 2
+3 1
+8 2
+99 4
+2 1
+5 2
cfi=(27)
cfn=(214)
calls=1 443 
* 238
+4 2
+16 2
+29 1
cfi=(7)
cfn=(216) _dl_sysdep_start_cleanup
calls=1 251 
* 1
+4 3
+20 3
cfi=(26)
cfn=(76)
calls=1 51 
* 8
+1 1
-1 1
+2 1
cfi=(26)
cfn=(80) _dl_debug_state
calls=1 75 
* 1
+1 1
+4 1
cfi=(39)
cfn=(218)
calls=1 316 
* 15
+5 8
-65 2
+15 1
+3 1
-3 1
+3 1
-3 2
+3 2
-3 1
+2 1
+1 1
cfi=(42) /usr/src/debug/glibc-2.17-c758a686/elf/dl-reloc.c
cfn=(158) _dl_relocate_object
calls=1 148 
* 10431
+1 4
+2 3
2280 3
+7 1
+2 11
+2 1
+2 15
+5 10
+2 10
+8 5
-2 5
+2 10
+1 32
cfi=(42)
cfn=(158)
calls=4 148 
* 126027
+4 17
-22 14
+25 4
+2 1
+6 1
-6 1
+6 1
-22 1
+1 1
-3 2
+14 2
cfi=(27)
cfn=(188)
calls=1 879 
* 24
* 2
2209 1
1013 2
1890 3
-21 2
1708 2
+1 1
cfi=(26)
cfn=(80)
calls=1 75 
* 1
* 1
1830 1
+1 1
-1 7
+4 1
+1 1
-1 1
+2 2

fl=(32)
fn=(104)
81 12
+1 3

fn=(122)
81 4
+2 5

fn=(102)
81 56
+1 4
+1 50

fn=(120)
81 16
+1 4

fl=(24)
fn=(66)
39 8
+2 1
-2 1
+3 1
-3 2
+3 1
-3 1
+2 3
+1 2
+9 1
-10 1
+10 2
+10 4
+42 1
+4 1
-1 8
+30 2
+8 2
+2 3
+1 2
+1 2
+3 2
+7 1
-7 1
+1 1
+7 1
-1 1
+4 3
+1 1
-1 6
+1 1
+18 12
+1 4
cfi=(17)
cfn=(40)
calls=1 -89 
* 34
* 1
+1 1
-1 1
+1 4
+26 1
+3 1
-3 2
+3 1
+28 9
+1 2
-1 2
+1 6
-1 8
+5 6
+3 1
-3 1
+3 2
-3 1
+3 1
-3 2
+3 1
-3 1
+3 2
-3 1
+3 3
+1 12
+1 4
-1 4
+1 8
-2 4
+1 8
-1 14
+4 4
+3 1
+2 2
-1 1
-1 2
+2 10
+13 2
+1 1
-1 1
+3 2
-3 2
+1 1
-1 1
+3 2
+3 3
+3 9
-65 4
cfi=(18)
cfn=(68)
calls=1 61 
* 22
+1 2
-1 2
+1 1
cfi=(18)
cfn=(68)
calls=1 61 
* 22
* 4

fl=(37)
fn=(126) openaux
60 10
+7 5
-4 15
+1 5
-1 5
+1 5
-1 25
cfi=(23)
cfn=(94)
calls=5 2094 
* 13275
* 5
+5 10

fn=(124)
147 1
+1 1
-1 2
+1 1
-1 1
+1 1
-1 1
+1 2
-1 5
+1 1
-1 1
+1 2
+16 1
-2 1
+1 1
-15 1
+16 1
+6 3
+10 1
-10 1
+10 3
-14 1
-4 1
+2 1
+17 1
-17 1
-2 2
+2 1
-2 1
+2 1
-2 1
+1 1
+1 1
+6 3
+10 1
-10 1
+10 3
-16 3
+20 1
+21 1
+1 1
-22 2
+19 1
-12 1
+15 1
-16 1
+13 1
347 9
211 1
+8 1
-4 1
+4 1
-8 4
+8 4
-4 4
+4 4
+12 10
+2 3
+11 3
-5 3
-6 6
+5 3
+2 6
+1 6
+3 12
-32 3
+32 6
+50 10
+1 9
-51 316
+1 158
+6 25
cfi=(25)
cfn=(70)
calls=5 40 
* 377
* 10
+5 25
-3 5
+3 5
cfi=(29)
cfn=(86)
calls=5 -97 
* 13650
+2 15
+15 5
+2 10
+5 3
+6 3
+4 3
-10 6
+3 3
+1 3
+6 3
-5 3
+1 3
+4 3
-2 3
+2 6
-2 9
-57 8
-19 2
475 10
+2 9
+3 6
-1 3
cfi=(17)
cfn=(40)
calls=3 93 
* 102
* 3
+2 3
-2 3
+2 3
+3 3
+1 18
cfi=(18)
cfn=(46)
calls=3 61 
* 68
+1 15
cfi=(18)
cfn=(46)
calls=3 61 
* 68
+4 3
-1 3
+5 20
+3 12
-1 5
+1 10
204 1
501 6
+1 2
+3 6
+11 3
-1 1
cfi=(17)
cfn=(40)
calls=1 93 
* 34
* 1
+3 1
-3 1
+3 1
+5 6
+1 1
-1 3
+3 12
+6 12
+4 4
-10 4
+10 4
-10 9
+6 3
+4 1
-10 1
+10 1
-10 3
+13 2
+53 4
+43 2
+1 1
-1 6
+1 1
cfi=(36)
cfn=(116)
calls=1 30 
* 16
* 1
-2 10
+13 1
-6 1
-1 1
+1 1
+6 2
-13 9
+13 3
-6 3
-1 3
+1 3
+6 9
+2 12
+1 6
-1 12
+1 9
+3 21
-1 30
+23 6
-28 12
+31 12
+3 30
cfi=(36)
cfn=(116)
calls=3 30 
* 30
* 21
219 10
+1 22
+2 3
+2 9
+2 26
663 2
+25 2
+2 1
+1 1
-1 1
+9 3
+3 2
+3 8
297 222
628 9
cfi=(18)
cfn=(46)
calls=1 61 
* 42
+2 3

fl=(19)
fn=(54)
134 667
+1 667
+1 667
+1 360
+1 360
+1 360
+1 360
cfn=(55) strcmp'2
calls=360 -6 
* 13958
+5 307
+1 307
+1 307
+1 307

fn=(55)
134 1950
+1 1950
+1 1950
+1 1744
+1 1744
+1 1744
+1 1744
cfn=(55)
calls=1590 -6 
* 65988
+2 154
+1 154
+2 206
+1 206
+1 206
+1 206

fl=(42)
fn=(158)
148 50
+15 5
-15 10
+15 5
+1 20
+6 10
+6 15
-18 6
+22 6
+8 10
-33 5
+78 5
fi=(5)
76 5
fe=(42)
233 10
fi=(5)
76 15
fe=(42)
259 224
159 15
fi=(5)
298 24
fe=(42)
-39 3
fi=(4)
48 3
fe=(42)
259 3
fi=(4)
58 3
fe=(42)
259 3
fi=(4)
47 6
+11 6
fe=(42)
259 2
159 10
fi=(5)
298 16
fe=(42)
-39 2
fi=(4)
48 2
fe=(42)
259 2
fi=(4)
58 2
fe=(42)
259 2
fi=(4)
47 4
+11 4
fe=(42)
259 5
fi=(4)
48 5
fe=(42)
259 5
fi=(4)
58 5
fe=(42)
259 5
fi=(4)
47 10
+11 10
+3 12
fi=(5)
507 78
+4 78
+2 117
+1 39
fi=(4)
61 150
+2 153
+2 38
-4 3
+13 6
+1 5
+1 24
fi=(5)
507 12
+24 12
fi=(4)
75 12
fi=(5)
531 12
+2 12
cob=(4)
cfi=(55)
cfn=(212) sin
calls=1 0 
* 8
cob=(4)
cfi=(55)
cfn=(210) __atan2_finite
calls=1 0 
* 8
cob=(4)
cfi=(57) /usr/src/debug/glibc-2.17-c758a686/math/../sysdeps/x86_64/fpu/multiarch/e_asin.c
cfn=(208) __asin_finite
calls=1 16 
* 5
cob=(4)
cfi=(59) /usr/src/debug////////glibc-2.17-c758a686/math/../sysdeps/x86_64/fpu/multiarch/s_floor.S
cfn=(206) floor
calls=1 25 
* 5
cob=(4)
cfi=(58) /usr/src/debug////////glibc-2.17-c758a686/math/../sysdeps/x86_64/fpu/multiarch/s_floorf.S
cfn=(204) floorf
calls=1 25 
* 5
cob=(4)
cfi=(57)
cfn=(202) __acos_finite
calls=1 10 
* 5
cob=(4)
cfi=(56) /usr/src/debug////////glibc-2.17-c758a686/math/../sysdeps/x86_64/fpu/multiarch/s_rintf.S
cfn=(200) rintf
calls=1 25 
* 5
cob=(4)
cfi=(55)
cfn=(198) __log_finite
calls=1 0 
* 8
cob=(4)
cfi=(54) /usr/src/debug/glibc-2.17-c758a686/math/../sysdeps/x86_64/fpu/multiarch/e_pow.c
cfn=(196) __pow_finite
calls=1 8 
* 5
cob=(4)
cfi=(53) /usr/src/debug////////glibc-2.17-c758a686/math/../sysdeps/x86_64/fpu/multiarch/s_rint.S
cfn=(194) rint
calls=1 25 
* 5
cob=(4)
cfi=(52) /usr/src/debug/glibc-2.17-c758a686/math/../sysdeps/x86_64/fpu/multiarch/s_sin.c
cfn=(192) cos
calls=1 20 
* 8
cob=(4)
cfi=(51) /usr/src/debug/glibc-2.17-c758a686/math/../sysdeps/x86_64/fpu/multiarch/e_exp.c
cfn=(190) __exp_finite
calls=1 15 
* 8
fi=(4)
75 12
fi=(5)
534 12
fi=(4)
75 14
fe=(42)
259 3
fi=(4)
75 9
fe=(42)
259 27
+3 15
+32 5
+3 10
+17 15
+2 40
fi=(4)
84 7
+2 14
+12 7
-15 7
+15 7
-15 7
+15 7
+10 10
+3 13
fi=(5)
497 9
fi=(4)
111 12
fi=(5)
497 3579
fi=(4)
111 4772
+7 21
+3 6
+3 6
-3 6
+3 6
-74 4
fi=(5)
424 4
fi=(4)
51 4
fi=(5)
424 16
fi=(4)
127 504
+9 238
+3 238
fi=(5)
266 119
fi=(4)
138 119
-2 119
+1 476
fi=(5)
266 119
+21 238
+4 238
+7 1538
fi=(4)
137 91
fi=(5)
298 182
fi=(4)
137 91
fi=(5)
298 91
fi=(4)
138 91
fi=(5)
298 182
fi=(4)
137 91
fi=(5)
298 286
fi=(4)
137 13
fi=(5)
298 26
fi=(4)
137 13
fi=(5)
298 13
fi=(4)
138 13
fi=(5)
298 26
fi=(4)
137 13
fi=(5)
298 1287
cfi=(6)
cfn=(164) _dl_lookup_symbol_x
calls=104 716 
* 110318
* 416
+2 321
+3 111
-3 222
+3 333
+6 833
fe=(42)
177 10
+1 2
+2 4
+79 10
fi=(5)
82 6
+4 9
+14 3
-8 3
+8 6
+20 6
+11 12
417 312
fi=(4)
124 390
+19 8
+1 26
+1 21
+3 14
+4 14
-1 7
-3 7
+1 7
+1 7
-1 14
fi=(5)
298 28
+2 7
+3 7
-3 7
+3 21
470 14
+1 7
cob=(3)
cfi=(50) ???
cfn=(186) memcpy@GLIBC_2.2.5
calls=1 0 
* 15
cob=(3)
cfi=(49) /usr/src/debug/glibc-2.17-c758a686/time/../sysdeps/unix/sysv/linux/x86_64/gettimeofday.c
cfn=(184) gettimeofday
calls=1 30 
* 22
cob=(3)
cfi=(48) /usr/src/debug////////glibc-2.17-c758a686/string/../sysdeps/x86_64/multiarch/memset.S
cfn=(182) memset
calls=1 27 
* 8
cob=(3)
cfi=(44) /usr/src/debug////////glibc-2.17-c758a686/string/../sysdeps/x86_64/multiarch/strcmp.S
cfn=(180) strncasecmp
calls=1 120 
* 5
cob=(3)
cfi=(47) /usr/src/debug////////glibc-2.17-c758a686/string/../sysdeps/x86_64/multiarch/strnlen.S
cfn=(178) strnlen
calls=1 30 
* 5
cob=(3)
cfi=(45) /usr/src/debug/glibc-2.17-c758a686/time/../sysdeps/unix/sysv/linux/x86_64/time.c
cfn=(174) time
calls=1 36 
* 22
cob=(3)
cfi=(44)
cfn=(172) strcasecmp
calls=1 100 
* 5
+1 14
298 36
fi=(4)
129 26
fi=(5)
298 26
+91 36
+4 60
+5 60
-71 2
+1 3
453 6
+4 12
cfi=(18)
cfn=(46)
calls=2 61 
* 36
+2 6
+1 2
fi=(4)
108 3
fe=(42)
322 10
+1 5
+1 5
-1 5
-1 10
+2 5
+3 10
+1 15
cfi=(35)
cfn=(114)
calls=5 81 
* 25
* 10
fi=(5)
124 12
-2 6
298 14
fi=(4)
129 3
+31 8
+2 20
+8 10
+1 5
-1 5
+1 5
fi=(5)
+95 5
fi=(4)
-96 10
fi=(5)
+96 5
+21 10
+4 10
+7 135
cfi=(6)
cfn=(164)
calls=5 716 
* 5414
* 20
+2 15
+3 1
-3 2
+3 3
+6 35
417 15
fi=(4)
160 15
+14 5
fi=(5)
298 80
fe=(42)

fl=(7)
fn=(12)
86 7
+25 1
-1 1
+1 1
-25 1
+25 198
+6 1
-3 1
+1 1
-4 1
+3 1
+3 4
+1 6
-1 3
-29 1
-1 2
+31 108
-1 86
fi=(21)
-82 2
cfi=(8)
cfn=(14)
calls=1 -4 
* 12
fi=(5)
220 5
+4 1
cfi=(9) /usr/src/debug/glibc-2.17-c758a686/elf/../sysdeps/x86/cpu-features.c
cfn=(18) init_cpu_features.constprop.0
calls=1 39 
* 112
fe=(7)
+2 3
+1 1
cfi=(10)
cfn=(20)
calls=1 28 
* 42
* 1
+2 2
cfi=(11)
cfn=(22)
calls=1 34 
* 17
* 3
+12 3
+3 6
cfi=(2)
cfn=(24)
calls=1 1005 
* 166249
+2 9
-67 1
+1 1
-29 1
+1 1
+11 1
+1 1
-7 1
+1 1
-4 1
+1 1
-25 1
+1 1
-4 1
+1 1
-7 1
+1 1
+2 1
+1 1

fn=(216)
251 1

fl=(25)
fn=(70)
40 10
+1 10
+1 10
+1 10
+1 7
+1 7
+3 7
+1 7
+1 7
-2 27
+1 27
+1 27
+1 34
+1 34
+1 34
+1 34
+1 34
+9 10
+1 10
+1 10
+2 20
+32 10
+1 10
+1 10
+1 10
+2 10
+3 10
-8 2
+1 2
+1 2
+1 2
+2 2
+3 2
+1 12
+1 12
+1 12
+2 12
+5 11
+1 11
+1 11
+3 11
+1 10
+1 10
+1 10
+2 10
+3 6
+1 6
+1 6
+1 6
+2 6
+3 6
+1 6
+1 6
+1 6
+2 6
+5 6
+1 6
+1 6
+3 6
+1 6
+1 6
+1 6
+2 6
+2 4
+1 4
+1 4
+1 4
+2 4
+3 4
+1 4
+1 4
+1 4
+2 4
+5 4
+1 4
+1 4
+3 4
+1 3
+1 3
+1 3
+2 3
+2 2
+1 2
+1 2
+1 2
+2 2
+3 2
+1 2
+1 2
+1 2
+2 2
+5 2
+1 2
+1 2
+3 2
+1 2
+1 2
+1 2
+2 2
+4 9
+1 9
+11 1
+1 1
+1 1
+1 1
+47 1
+1 1

fl=(1) ???
fn=(0) 0x0000000000001170
0 2
cfi=(2)
cfn=(2)
calls=1 441 
0 167619
0 14
cfi=(60)
cfn=(224)
calls=1 90 
0 2306
0 3
cob=(6)
cfi=(69)
cfn=(272) 0x0000000000400e3c
calls=1 0 
0 4670076502

fl=(6)
fn=(170) check_match.9515
132 6020
+1 1720
+2 1720
+2 1179
-2 786
+12 1179
+3 2058
cfi=(19)
cfn=(54)
calls=318 -16 
* 5666
* 636
+5 108
-1 108
+1 108
-1 108
+1 108
+2 212
+19 212
+1 848
+46 648
-18 4
+2 4
+1 8
-1 4
+1 2
-1 4
+9 285
+7 4512
-45 318
cfi=(19)
cfn=(54)
calls=106 -44 
* 9214
* 424
-43 934
+81 1401

fn=(10)
865 15
+4 3
+4 6
+2 3
-1 3
+4 3
+4 3
-4 3
+1 6
+2 3
-2 3
+3 3
+2 3
+1 3
+1 12
+1 3
+3 6
+2 2
+2 2
+2 2
+1 2
+1 2
-4 2
+4 4

fn=(166) do_lookup_x
82 1080
+1 120
-6 120
+5 360
-5 840
+11 120
+1 120
233 120
-3 120
+3 120
-3 360
98 120
-3 120
+1 120
+2 120
+3 120
-3 120
+3 120
-3 371
-3 371
+1 371
+2 371
+3 371
-3 371
+3 371
+4 998
+4 978
+4 978
+7 1467
+4 978
+1 1467
226 489
+1 978
+4 508
-2 254
+5 1016
+4 508
-1 508
+1 254
-1 508
+21 149
+24 762
462 2088
+1 370
cfi=(31)
cfn=(96)
calls=74 304 
* 3468
* 444
+3 1149
+3 24
287 808
+4 258
+13 108
+1 108
-1 108
+1 108
+1 108
470 960
241 436
-1 218
+2 218
+2 324
+10 309
-7 1040
+2 210
+1 420
-1 630
+1 315
cfn=(170)
calls=105 132 
* 16787
+1 525
+11 1400
+6 1196
+2 3008
-2 752
+2 752
-2 752
+4 5285
cfn=(170)
calls=755 132 
* 23751
+1 3778
-10 120
fi=(43) /usr/src/debug/glibc-2.17-c758a686/elf/../sysdeps/generic/dl-hash.h
32 120
-1 120
+1 600
+2 240
+1 360
+2 240
+1 360
+2 240
+1 360
+2 111
+1 111
-1 111
+2 333
+3 2895
+1 1930
+13 1930
-17 2895
+22 666
fe=(6)
263 222
fi=(43)
67 45
fe=(6)
263 18

fn=(164)
716 1440
477 120
716 240
477 360
-1 240
+2 120
-1 120
+1 360
-1 360
+1 1436
-1 1436
+1 4308
-1 4548
718 120
+4 120
+9 120
-13 120
+15 120
-14 240
+14 120
-2 120
+6 960
+2 1560
cfn=(166)
calls=120 82 
* 105959
+3 240
+3 12
-8 48
-7 240
+40 240
+24 108
+1 756
+26 108
+9 540
+14 324
+3 432
+5 108
+2 960
-82 84
+18 12
+1 24
+54 2

fl=(29)
fn=(86)
159 42
+9 6
+2 6
cfi=(2)
cfn=(88)
calls=6 877 
* 12
* 6
+1 6
+2 12
-2 6
+2 6
cfi=(30)
cfn=(90)
calls=6 26 
* 120
+1 12
+2 12
+1 12
-1 6
+1 6
cfi=(37)
cfn=(126)
calls=5 60 
* 13360
cfi=(2)
cfn=(92)
calls=1 704 
* 2581
+1 6
+4 6
-4 6
+1 12
+1 12
+1 12
+10 24

fn=(142)
197 10
+1 1
cfi=(2)
cfn=(88)
calls=1 877 
* 2
+5 1
-1 1
-4 1
+9 1
+2 1
-3 1
+3 1
cfi=(2)
cfn=(144)
calls=1 736 
* 4714
+2 1
+1 1
+1 8

fl=(9)
fn=(18)
39 1
+7 1
-7 5
+7 1
-7 1
+10 1
-3 1
+3 5
182 2
+1 7
+7 3
+4 2
+2 4
301 1
+1 1
+1 1
+1 8
200 2
+1 1
+6 3
+2 1
+3 3
+16 2
+1 1
+2 2
+5 2
+4 4
+1 2
+3 1
+2 1
-2 3
+2 2
+3 2
60 1
-31 2
+4 1
-4 1
+5 1
-1 1
+31 1
-30 1
+30 1
-31 1
+27 2
-26 1
+30 1
+1 1
-36 2
+3 1
+28 1
+5 1
+5 1
-17 1
+17 1
+3 1
+1 7
+74 1
-95 2

fl=(22)
fn=(62)
81 4
+1 1

fl=(71) /usr/src/debug/glibc-2.17-c758a686/elf/../elf/dl-runtime.c
fn=(282) _dl_fixup
68 22
+6 22
-6 11
+3 11
-1 11
+1 11
+3 11
+1 11
-1 22
+1 33
+1 11
-1 11
+1 22
+9 22
+4 33
+4 20
+1 40
+2 40
+7 33
-1 11
+11 99
cfi=(6)
cfn=(164)
calls=11 716 
* 13153
* 11
+4 33
+10 66
+16 11
-8 11
+8 33
+4 33
fi=(5)
+85 11
fe=(71)
-81 33
-64 2

fl=(34)
fn=(112)
32 11
+1 11
-1 99
+1 27
+1 110
+2 77
-3 26

fl=(18)
fn=(46)
61 20
+2 20
+2 20
+3 20
+1 20
+2 6
+1 6
+2 6
+1 6
+5 6
+1 6
-1 14
+1 14
+2 3
+1 3
+2 3
+1 6
+5 3
+1 3
-1 17
+1 17
+2 4
+1 4
+2 4
+1 4
+5 4
+1 4
-1 16
+1 16
+2 11
+1 11
+2 11
+1 11
+5 11
+1 11
-1 9
+1 19
+5 10
+1 10
+1 10
+1 10
+2 10
+2 10
+1 10
+2 10
+8 20
+8 4
+6 4
+2 4
+1 4
+3 1
+1 3
+5 1
+1 1
+2 1
+2 1
+1 1
+2 1
-8 3
+1 3
+2 3
+2 3
+1 3
+2 5
+9 1
+1 1
-1 3
+1 3
+3 4
+1 4
+1 4
+5 4
+2 4
+1 4
+1 4
+1 4
+2 4
+1 4
+1 4
+1 4
+2 4
+1 4
+2 4
+2 2
+2 2
+1 2
+1 2
+1 2
+2 2
+1 2
+1 2
+1 2
+2 2
+1 2
+2 6
+5 2
+6 2
+1 2
-7 2
+6 2
+1 2

fn=(68)
61 32
+4 32
+3 32
+1 32
+2 13
+1 13
+2 13
+1 13
+5 13
+1 13
-1 19
+1 19
+2 19
+1 19
+2 19
+1 19
+5 19
+1 19
-1 13
+1 13
+2 12
+1 12
+2 12
+1 12
+5 12
+1 12
-1 20
+1 20
+2 18
+1 18
+2 18
+1 36
+5 18
+1 18
-1 14
+1 17
+5 3
+1 3
+1 3
+1 3
+2 3
+2 3
+1 3
+2 3
+6 32
+4 32
+12 1
+2 1
+1 1
+26 1
+1 1
+3 1
+1 1
+1 1
+5 1
+2 1
+1 1
+1 1
+1 1
+2 1
+1 1
+1 1
+1 1
+2 1
+1 1
+2 1
+2 1
+2 1
+1 1
+1 1
+1 1
+2 1
+1 1
+1 1
+1 1
+2 1
+1 1
+2 3
+5 1
+2 1

fl=(70) /usr/src/debug////////glibc-2.17-c758a686/elf/../sysdeps/x86_64/dl-trampoline.h
fn=(280) _dl_runtime_resolve_xsave
71 1
+3 1
+2 1
+10 1
+6 1
+1 1
+1 1
+1 1
+1 1
+1 1
+1 1
+4 1
+1 1
+3 1
+1 1
+2 1
+1 1
+1 1
+1 1
+1 1
+1 1
+2 1
+13 1
+1 1
+1 1
cfi=(71)
cfn=(282)
calls=1 -63 
* 1490
+1 1
+5 1
+1 1
+1 1
+2 1
+1 1
+1 1
+1 1
+1 1
+1 1
+1 1
+2 1
+2 1
+4 1
+3 1

fn=(281) _dl_runtime_resolve_xsave'2
71 10
+3 10
+2 10
+10 10
+6 10
+1 10
+1 10
+1 10
+1 10
+1 10
+1 10
+4 10
+1 10
+3 10
+1 10
+2 10
+1 10
+1 10
+1 10
+1 10
+1 10
+2 10
+13 10
+1 10
+1 10
cfi=(71)
cfn=(282)
calls=10 -63 
* 12414
+1 10
+5 10
+1 10
+1 10
+2 10
+1 10
+1 10
+1 10
+1 10
+1 10
+1 10
+2 10
+2 10
+4 10
+3 10

fl=(31)
fn=(96)
304 550
+1 220
cfi=(19)
cfn=(54)
calls=110 134 
* 777
* 110
+1 110
-1 110
+3 110
+2 220
+4 111
-4 222
+1 354
cfi=(19)
cfn=(54)
calls=118 134 
* 2163
* 236
-5 7
+11 138
-1 103
+1 412

fn=(134)
43 1
+7 1
-7 3
+7 1
-7 1
+1 1
-1 2
+7 1
cfi=(32)
cfn=(102)
calls=1 +31 
* 5
+1 1
-1 1
+1 1
+2 4
cfi=(33)
cfn=(110)
calls=1 -17 
* 10
* 2
+2 1
+3 1
-3 1
+3 1
+13 2
cfi=(32)
cfn=(120)
calls=1 +10 
* 5
+3 7
-14 6
cfi=(34)
cfn=(112)
calls=1 -28 
* 33
* 2

fl=(17)
fn=(36)
102 10
+7 30
-3 10
+3 20
+4 10
cfn=(40)
calls=10 -20 
* 441
* 10

fn=(40)
93 26
+1 52
cfn=(44)
calls=26 -43 
* 881
* 26

fn=(44)
51 108
+1 133
+11 26
+1 26
-1 26
+3 26
-3 26
+3 52
-3 1
+1 1
-1 1
+3 1
-3 1
+3 98
+4 12
+1 9
+6 21
cfi=(34)
cfn=(112)
calls=3 -45 
* 99
+2 15
+4 9
+3 3
+1 3
+2 15
-3 24
+1 24
+2 192
-31 3
+1 1
-2 3

fn=(74)
340 3
+1 6
+4 64
+7 156
-2 106
+4 2
+6 26
-15 79
+18 1
+4 1
-4 1
+4 2
-11 2
+1 1

fl=(14)
fn=(30)
319 17
+3 17
-3 85
+4 17
-4 17
+7 34
+4 15
+2 1
+1 1
+1 1
+1 1
+2 2
-5 1
+1 1
+1 1
+1 1
+2 2
+2 2
-9 6
+16 5
+1 10
-1 10
133 14
-18 6
350 4
+4 3
+2 3
-2 6
+1 3
+5 30
+2 13
+1 13
+1 13
+3 143
-3 81
-2 81
+1 81
+4 162
-7 182
+12 12
+1 136
232 3
-7 3
+1 3
+4 3
+2 3
-6 3
+4 3
+2 15
-95 2
+1 2
+1 2
+1 2
+1 2
+48 2
-2 2
+1 2
+1 14
-80 2
+1 4
+4 4
-5 8
+1 16
+4 18
238 3
+2 3
-4 3
+1 3
+4 3
-2 3
+56 6
-2 3
+2 6
-1 3
+1 6
+1 6
+12 18
+1 6
-6 6

fl=(26)
fn=(80)
75 2

fn=(76)
51 10
+5 8
+5 2
-1 1
+1 2
+1 2
-1 2
-9 5
+4 10
+4 1
-1 1
-59 5

fl=(10)
fn=(20)
28 18
+1 18
+1 18
+1 18
+2 10
+1 10
+2 10
+1 10
-1 27
+1 27
+1 36
+1 36
+1 36
+2 34
+5 17
+1 17
+1 17
+1 17
+3 17
-6 6
+1 6
+1 6
+1 6
+3 6
+1 19
+1 19
+1 19
+2 19
+3 15
+1 15
+1 15
+1 15
+3 15
+1 13
+1 13
+1 13
+2 13
+3 11
+1 11
+1 11
+1 11
+3 11
+1 6
+1 6
+1 6
+2 6
+3 6
+1 6
+1 6
+1 6
+3 6
+1 6
+1 6
+1 6
+2 6
+3 17
+2 17
+1 17
+1 13
+2 13
+1 13
+1 13
+2 13
+1 13
+1 11
+2 11
+1 11
+1 5
+2 5
+2 5
+1 5
+1 5
+2 5
+1 5
+1 3
+2 3
+1 3
+1 2
+2 2
+1 2
-1 16
+1 16

ob=(2)
fl=(16)
fn=(294) 0x0000000000400af8
0 6

fn=(512)
0 3

fn=(226)
0 6

fn=(560)
0 3

fn=(258)
0 6

fn=(538)
0 3

ob=(4)
fl=(57)
fn=(202)
10 5

fn=(208)
16 5

fl=(54)
fn=(196)
8 5

fl=(59)
fn=(206)
25 1
+1 1
+1 1
+1 1
+2 1

fl=(52)
fn=(192)
20 8

fl=(58)
fn=(204)
25 1
+1 1
+1 1
+1 1
+2 1

fl=(51)
fn=(190)
15 8

fl=(56)
fn=(200)
25 1
+1 1
+1 1
+1 1
+2 1

fl=(55)
fn=(212)
0 8

fn=(262)
0 16

fn=(554) 0x0000000000005680
0 9

fn=(210)
0 8

fn=(198)
0 8

fn=(540)
0 8
cob=(1)
cfi=(70)
cfn=(281)
calls=1 71 
0 1375
0 5
0 1
cfn=(554)
calls=1 0 
0 9
0 3

fl=(53)
fn=(194)
25 1
+1 1
+1 1
+1 1
+2 1

ob=(6)
fl=(90) /h/nbhati04/Desktop/comp40/hw6/submit/um_load.c
fn=(362) load_um
23 6
+1 2
cfi=(91) /h/nbhati04/Desktop/comp40/hw6/submit/sequence.c
cfn=(364) new_seq
calls=1 +4 
* 1766
+3 1
-3 1
+3 1
cob=(1)
cfi=(70)
cfn=(281)
calls=1 +44 
* 1478
* 5
+2 2
+1 4
+1 1
-1 1
cfi=(97) /g/40/2017f/www/solutions/bitpack.c
cfn=(406) Bitpack_newu
calls=1 +67 
* 56
* 2
+9 2
cob=(3)
cfi=(92) /usr/src/debug/glibc-2.17-c758a686/libio/getc.c
cfn=(376) getc
calls=1 -3 
* 37
* 1
* 180658
cob=(3)
cfi=(92)
cfn=(376)
calls=90329 -3 
* 3342173
* 90329
-10 180660
+1 481756
+1 120439
-1 120439
cfi=(97)
cfn=(406)
calls=120439 +67 
* 6594034
+2 120439
-2 240878
+2 120439
+2 120440
cfi=(69)
cfn=(366) Mem_alloc
calls=30110 -34 
* 6180106
+2 30110
-1 30110
+1 60220
cfi=(91)
cfn=(410) seq_addhi
calls=30110 +7 
* 692174
+3 30110
-2 30110
-4 30110
+6 30110
cob=(3)
cfi=(92)
cfn=(376)
calls=30110 -3 
* 1115715
* 30110
-10 60220
+13 7

fl=(97)
fn=(408) Bitpack_fitsu
66 120440
+1 120440
-1 120440
-30 240880
+34 240880
+1 120440

fn=(406)
97 1083960
+1 120440
+1 240880
+1 361320
cfn=(408)
calls=120440 -34 
* 963520
* 240880
-68 240880
-10 120440
+11 120440
+3 361320
-12 240880
+79 240880
-83 240880
+14 120440
-13 120440
+3 180660
+12 270990
+69 90330
-1 180660
+1 180660
-1 90330
-1 90330
+2 90330
-3 90330
+3 210770
-1 60220
+1 60220
-1 30110
-1 30110
+2 30110
-3 30110
+3 60220

fl=(77) /h/nbhati04/Desktop/comp40/hw6/submit/execute_um.c
fn=(448) run_um
88 10
+24 1
+1 2
-1 80909268
+1 161818536
+1 170141044
+1 170141044
+2 170141044
+3 85070522
-3 85070522
+3 85070522
+1 170141044
+1 170141044
+14 52516822
+1 52516822
-2 52516822
+1 52516822
+1 52516822
-1 52516822
+2 52516822
-2 52516822
+2 52516822
+1 8239257
+1 7386690
356 2462230
112 2462230
+1 4924460
+27 1699023
356 1699023
112 1699023
+1 3398046
+31 99540806
+32 60618198
+36 28216702
+4 21934622
+4 21724792
+8 21384120
+4 12792340
+4 12792338
+58 9962670
+49 7142580
+5 7142218
+10 7142218
+1 10713327
+81 14284436
129 130214800
+1 65107400
+15 19461304
+3 19461304
-2 19461304
+2 38922608
+5 38922608
+2 29883828
+1 19922552
+1 19922552
+1 29883828
+52 71324104
-32 16200748
+4 16200748
-5 16200748
+2 16200748
+3 32401496
+5 32401496
+3 25163691
+1 16775794
+1 16775794
+1 25163691
+20 12564160
+1 6282080
-52 9500028
+1 19000056
+1 28500084
+6 28500084
cfi=(69)
cfn=(462) UArray_at
calls=9500028 0 
* 171000504
+1 38000112
+46 419660
+1 209830
-20 7812851
+1 15625702
+1 23438553
+6 23438553
cfi=(69)
cfn=(462)
calls=7812851 0 
* 140631318
* 7812851
+1 15625702
+14 511008
+4 851680
+1 340672
+3 21479450
+1 8591780
+65 1410045
+3 7050225
+6 2820090
+1 4230135
+2 4230135
+8 1410045
+1 1410045
cfi=(69)
cfn=(466) UArray_free
calls=1410045 0 
* 289058893
+1 5640180
cfi=(69)
cfn=(366)
calls=1410045 0 
* 163565220
+4 1410045
-3 1410045
-1 1410045
+4 1410045
+2 4230135
+15 2820090
+1 4230135
+2 2820090
191 181
344 543
+1 362
cob=(3)
cfi=(101) /usr/src/debug/glibc-2.17-c758a686/libio/putc.c
cfn=(474) putc
calls=180 27 
* 14906
cob=(1)
cfi=(70)
cfn=(281)
calls=1 71 
* 1610
* 185
+1 543
239 4244502
cfi=(69)
cfn=(450) UArray_new
calls=1414834 0 
* 475329540
+1 1414834
-1 1414834
+1 4244502
+34 2787572
+1 4181358
+6 1393786
-4 1393786
+4 2787572
+1 2787572
+1 2787572
+5 2787572
-5 2787572
+5 1393786
-3 1393786
+1 1393786
+2 1393786
cfi=(69)
cfn=(468) Mem_free
calls=1393786 0 
* 129557030
+1 2787572
-47 84192
cfi=(69)
cfn=(366)
calls=21048 0 
* 4334381
+5 21048
-3 21048
-2 21048
+1 21048
+4 21048
+2 63144
+15 63144
+1 42096
+2 42096
+58 11
+1 33
cob=(3)
cfi=(79) /usr/src/debug/glibc-2.17-c758a686/malloc/malloc.c
cfn=(324) malloc
calls=11 2886 
* 1003052
* 11
+2 44
+1 11
-1 11
+1 33
-1 22
+1 24531
-1 24531
+1 73593
-1 49062
+4 33
cob=(3)
cfi=(79)
cfn=(418) free
calls=11 2922 
* 1348
* 11
+1 22
+2 11
-2 22
511 3
+2 5
+4 1
-1 1
+2 1
-2 1
+1 1
-4 1
+5 3
cfi=(69)
cfn=(468)
calls=1 0 
* 93
-1 30109
-1 30109
+2 30109
-2 30109
+1 30109
-4 30109
+5 90327
cfi=(69)
cfn=(468)
calls=30109 0 
* 2800137
-5 60220
+2 120437
+8 2
cob=(3)
cfi=(79)
cfn=(418)
calls=1 2922 
* 42
* 1
+1 4
cfi=(69)
cfn=(468)
calls=1 0 
* 93
+3 1
-3 1
+3 1
+1 6
+6 105240
cfi=(69)
cfn=(468)
calls=21048 0 
* 1957464
-6 63144
+2 42096
+1 42096
+1 9578
cfi=(69)
cfn=(466)
calls=4789 0 
* 982191
* 4789
+6 1
+6 1
-6 1
cob=(3)
cfi=(79)
cfn=(418)
calls=1 2922 
* 42
* 1
+1 4
cfi=(69)
cfn=(468)
calls=1 0 
* 93
+3 1
-3 1
+3 1
+2 2
+2 16259
+2 16259
-4 16259
+2 32518
+1 32518
+1 48777
cfi=(69)
cfn=(468)
calls=16259 0 
* 1512087
-4 48777
+8 2
cob=(3)
cfi=(79)
cfn=(418)
calls=1 2922 
* 35
* 1
+1 4
cfi=(69)
cfn=(468)
calls=1 0 
* 93
+2 1
-2 1
+2 3
cfi=(69)
cfn=(468)
calls=1 0 
* 93
234 2
cob=(1)
cfi=(70)
cfn=(281)
calls=1 71 
* 4744
* 5
+17 12
+1 12
-1 12
+1 24
cob=(3)
cfi=(79)
cfn=(324)
calls=12 2886 
* 18751
* 12
+2 24
+1 163704
-1 81876
+4 36
cob=(3)
cfi=(79)
cfn=(418)
calls=12 2922 
* 1375
* 12
+1 36
+2 36

fn=(312) main
69 7
+2 3
cob=(1)
cfi=(70)
cfn=(281)
calls=1 * 
* 59274
* 5
+1 1
-1 1
+1 1
+1 2
cfi=(90)
cfn=(362)
calls=1 -50 
* 20035262
453 3
73 1
453 1
cfi=(69)
cfn=(366)
calls=1 0 
* 207
+4 3
-4 1
+4 1
cfi=(69)
cfn=(366)
calls=1 0 
* 207
+2 1
-2 1
+1 1
+1 1
cob=(3)
cfi=(79)
cfn=(324)
calls=1 2886 
* 188
* 1
+1 1
-1 1
+6 1
-4 1
+4 3
cfi=(69)
cfn=(366)
calls=1 0 
* 207
+2 1
-2 1
+1 1
+1 1
cob=(3)
cfi=(79)
cfn=(324)
calls=1 2886 
* 188
* 1
+1 1
-1 1
+2 1
+5 1
-3 1
+3 1
+2 3
+14 3
+1 3
+2 2
+2 2
-1 2
+1 14
-1 14
74 2
cob=(1)
cfi=(70)
cfn=(281)
calls=1 -3 
* 1776
* 5
+1 2
cfn=(448)
calls=1 +13 
* 4649977334

fl=(91)
fn=(412) ensureCapacity
81 72
+1 24
+1 36
cob=(3)
cfi=(79)
cfn=(324)
calls=12 2886 
* 2828
* 12
+2 12
-2 24
+2 36
+1 36
-1 24
+1 122742
-1 81828
+4 12
cob=(3)
cfi=(79)
cfn=(418)
calls=11 2922 
* 1206
cob=(1)
cfi=(70)
cfn=(281)
calls=1 -18 
* 1362
* 16
+1 12
+2 12
+1 72

fn=(364)
28 2
+2 1
-2 1
+2 2
-2 1
+2 1
cfi=(69)
cfn=(366)
calls=1 -30 
* 1557
+2 1
-2 1
+1 1
+1 2
cob=(3)
cfi=(79)
cfn=(324)
calls=1 2886 
* 188
* 1
+1 1
-1 1
+3 5

fn=(410)
43 120440
+1 30110
+2 60220
+4 60220
+1 30110
-1 30110
+1 30110
+1 120452
-5 12
cfn=(412)
calls=12 +34 
* 210366
* 24

fl=(69)
fn=(292) __libc_csu_init
0 16
cob=(2)
cfi=(16)
cfn=(294)
calls=1 0 
0 6
0 7
cfn=(298) 0x0000000000400f20
calls=1 0 
0 17
0 11

fn=(466)
0 15563174
cfn=(468)
calls=1414834 0 
0 131579676
0 7074170
cfn=(468)
calls=1414834 0 
0 131579562
0 4244502

fn=(502)
0 5
cfn=(506) 0x0000000000400e70
calls=1 0 
0 9
0 3

fn=(298)
0 17

fn=(460) UArrayRep_init
0 42445020

fn=(468)
0 12872625
cob=(3)
cfi=(79)
cfn=(418)
calls=4290875 2922 
0 381822921
0 4290875

fn=(450)
0 14148340
cfn=(366)
calls=1414834 0 
0 166001408
0 11318672
cfn=(452) Mem_calloc
calls=1414834 0 
0 225852926
0 7074170
cfn=(460)
calls=1414834 0 
0 42445020
0 8489004

fn=(452)
0 22637344
cob=(3)
cfi=(79)
cfn=(458) calloc
calls=1414833 3181 
0 190480500
cob=(1)
cfi=(70)
cfn=(281)
calls=1 71 
0 1572
0 1414838
0 11318672

fn=(272)
0 11
cob=(1)
cfi=(70)
cfn=(280)
calls=1 71 
0 4670076486
0 5

fn=(366)
0 31636451
cob=(3)
cfi=(79)
cfn=(324)
calls=2876040 2886 
0 285436976
cob=(1)
cfi=(70)
cfn=(281)
calls=1 71 
0 1534
0 2876045
0 20132287

fn=(462)
0 311631822

fn=(506)
0 9

ob=(3)
fl=(105) /usr/src/debug/glibc-2.17-c758a686/nptl/../nptl/sysdeps/unix/sysv/linux/unregister-atfork.c
fn=(528) __unregister_atfork
36 2
-8 4
+11 4
+82 4

fl=(68) /usr/src/debug/glibc-2.17-c758a686/stdlib/bsearch.c
fn=(254) bsearch
26 8
+5 8
-5 72
+7 8
-7 16
+7 8
+7 10
+1 10
-8 20
+2 54
+2 54
-2 54
+1 162
+1 108
cfi=(67)
cfn=(256) intel_02_known_compare
calls=54 +84 
* 324
+1 108
+1 44
-6 88
+14 8
-1 8
+1 56

fl=(93) /usr/src/debug/glibc-2.17-c758a686/libio/filedoalloc.c
fn=(386) _IO_file_doallocate
96 10
+15 12
cfi=(87) /usr/src/debug/glibc-2.17-c758a686/libio/fileops.c
cfn=(388) _IO_file_stat
calls=2 1262 
* 28
* 4
+2 8
+11 9
-14 1
+18 6
cfi=(95) /usr/src/debug/glibc-2.17-c758a686/misc/../sysdeps/unix/sysv/linux/wordsize-64/mmap.c
cfn=(392) mmap
calls=1 -96 
* 33
* 6
cfi=(95)
cfn=(392)
calls=1 -96 
* 33
* 4
+1 10
cfi=(86) /usr/src/debug/glibc-2.17-c758a686/libio/genops.c
cfn=(394) _IO_setb
calls=2 400 
* 42
+1 2
+1 13
-13 1
fi=(108) /usr/src/debug/glibc-2.17-c758a686/libio/../sysdeps/unix/sysv/linux/sys/sysmacros.h
-72 6
fe=(93)
+72 1
-2 2
+5 2

fl=(75) /usr/src/debug////////glibc-2.17-c758a686/setjmp/../sysdeps/x86_64/setjmp.S
fn=(308) __sigsetjmp
26 1
+9 1
+1 2
+1 1
+4 1
+1 1
+1 1
+1 1
+1 1
+2 2
+2 1
+1 1
+1 1
+2 2
+2 1
+9 1
cfi=(76) /usr/src/debug/glibc-2.17-c758a686/setjmp/sigjmp.c
cfn=(310) __sigjmp_save
calls=1 -35 
* 9

fl=(88) /usr/src/debug////////glibc-2.17-c758a686/io/../sysdeps/unix/syscall-template.S
fn=(356) __open_nocancel
81 5

fn=(400) read
81 32
cfn=(402) __read_nocancel
calls=16 * 
* 80

fn=(402)
81 80

fn=(486) write
81 14
cfn=(488) __write_nocancel
calls=7 * 
* 35

fn=(354) open
81 2
cfn=(356)
calls=1 * 
* 5

fn=(438) __close_nocancel
81 5

fn=(488)
81 35

fl=(92)
fn=(376)
36 120441
+3 120441
-3 120441
+3 1806615
+1 722598
fi=(96) /usr/src/debug/glibc-2.17-c758a686/libio/libioP.h
889 240882
+1 963528
fe=(92)
43 361323
-3 32
cfi=(86)
cfn=(378) __uflow
calls=16 364 
* 1873
* 32

fl=(95)
fn=(392)
32 6
+1 6
-1 54
+1 18
+1 60
+2 42
-3 12

fl=(84) /usr/src/debug/glibc-2.17-c758a686/misc/sbrk.c
fn=(340) sbrk
34 25
+8 25
-8 75
+8 147
+4 50
+4 96
+3 24
cfi=(85) /usr/src/debug/glibc-2.17-c758a686/misc/../sysdeps/unix/sysv/linux/x86_64/brk.c
cfn=(342) brk
calls=24 -22 
* 312
* 48
+4 125
-14 50
cfi=(85)
cfn=(342)
calls=25 -12 
* 325
* 100

fl=(76)
fn=(310)
29 2
-1 2
+1 2
+5 3

fl=(82) /usr/src/debug/glibc-2.17-c758a686/elf/dl-addr.c
fn=(330) _dl_addr
126 9
+5 1
-5 2
+5 2
cob=(1)
cfi=(2)
cfn=(50)
calls=1 917 
* 2
+3 6
+1 4
+1 20
+1 2
30 1
+1 1
-1 1
+4 2
+5 1
+6 1
-7 1
+2 2
+2 1
-2 1
+2 1
+3 1
+5 7
+2 1
+1 2
-1 1010
+1 2020
+2 4928
+6 11065
+2 8852
+1 16225
+7 2213
-2 2213
+2 5437
-21 2022
+49 3
+1 1
+1 3
+3 2
+41 3
cob=(1)
cfi=(2)
cfn=(52)
calls=1 923 
* 2
+3 9
-13 9
-19 1
+1 1
+23 2

fl=(50)
fn=(186)
0 15

fl=(99) /usr/src/debug/glibc-2.17-c758a686/libio/iofclose.c
fn=(428) fclose@@GLIBC_2.2.5
40 3
+14 1
-14 1
+14 3
+3 18
+4 3
-3 2
fi=(96)
889 2
+1 3
fe=(99)
63 4
cfi=(87)
cfn=(442) _IO_file_finish@@GLIBC_2.2.5
calls=1 203 
* 32
+1 3
+18 6
+2 1
+1 2
cfi=(79)
cfn=(418)
calls=1 2922 
* 114
* 1
+4 5
-10 2
-20 2
cfi=(87)
cfn=(432) _IO_file_close_it@@GLIBC_2.2.5
calls=1 159 
* 113
* 3
-4 1
cfi=(86)
cfn=(430) _IO_un_link
calls=1 +6 
* 80
* 3
fi=(96)
890 6
fe=(99)

fl=(66) /usr/src/debug/glibc-2.17-c758a686/ctype/ctype-info.c
fn=(246) __ctype_init
32 5
+2 1
-2 2
+2 3
+2 5

fl=(81) /usr/src/debug/glibc-2.17-c758a686/malloc/arena.c
fn=(328) ptmalloc_init.part.7
383 6
+11 1
-8 1
+8 1
+7 3
+2 5
+16 2
-71 126
+16 63
-18 192
464 2
+5 2
+1 2
+2 1
+1 7
-78 5
cfi=(82)
cfn=(330)
calls=1 126 
* 56093
* 2
+1 4
-47 8
+1 6

fl=(72) /usr/src/debug/glibc-2.17-c758a686/csu/../csu/libc-start.c
fn=(286) (below main)
134 7
+10 1
-10 3
+10 7
+62 1
-62 1
+62 1
+1 4
cfi=(73) /usr/src/debug/glibc-2.17-c758a686/stdlib/cxa_atexit.c
cfn=(288) __cxa_atexit
calls=1 56 
* 61
+22 6
+3 2
+1 5
cob=(6)
cfi=(69)
cfn=(292)
calls=1 0 
* 57
+4 4
+15 2
+9 2
cfi=(74) /usr/src/debug////////glibc-2.17-c758a686/setjmp/../sysdeps/x86_64/bsd-_setjmp.S
cfn=(306) _setjmp
calls=1 33 
* 30
+1 2
+5 2
+1 2
+3 2
+3 6
cob=(6)
cfi=(77)
cfn=(312)
calls=1 69 
* 4670074748

fl=(62)
fn=(238)
52 8
+6 6
+17 1
fi=(63) /usr/src/debug/glibc-2.17-c758a686/csu/../sysdeps/unix/sysv/linux/x86_64/init-first.c
-35 2
fe=(62)
+33 1
+1 1
fi=(63)
-34 1
-2 2
fe=(62)
+37 1
fi=(63)
-37 3
+2 1
cfi=(46) /usr/src/debug/glibc-2.17-c758a686/elf/../sysdeps/unix/sysv/linux/dl-vdso.c
cfn=(176) _dl_vdso_vsym
calls=1 -13 
* 7
+1 2
+5 2
-3 2
+1 1
+2 1
cfi=(46)
cfn=(176)
calls=1 -19 
* 7
fe=(62)
+43 1
fi=(63)
-39 1
fe=(62)
+39 2
fi=(63)
-39 2
+1 2
+1 1
fe=(62)
+37 1
cfi=(64) /usr/src/debug/glibc-2.17-c758a686/misc/init-misc.c
cfn=(242) __init_misc
calls=1 -59 
* 58
+8 1
cfi=(66)
cfn=(246)
calls=1 -65 
* 16
+5 6
-35 1
-9 1
+9 4
fi=(63)
-25 2
fe=(62)

fl=(74)
fn=(306)
33 1
+2 1
cfi=(75)
cfn=(308)
calls=1 -9 
* 28

fl=(80) /usr/src/debug/glibc-2.17-c758a686/malloc/hooks.c
fn=(326) malloc_hook_ini
30 2
fi=(81)
385 3
fe=(80)
29 3
cfi=(81)
cfn=(328)
calls=1 383 
* 56532
* 1
+4 1
-1 1
cfi=(79)
cfn=(325) malloc'2
calls=1 2886 
* 1093

fl=(89) /usr/src/debug/glibc-2.17-c758a686/string/../string/strstr.c
fn=(358) __GI_strstr
53 8
+10 3
+2 2
+1 1
+23 8
-26 1
-5 2

fl=(83) /usr/src/debug/glibc-2.17-c758a686/malloc/morecore.c
fn=(338) __default_morecore
47 25
+1 25
cfi=(84)
cfn=(340)
calls=25 -14 
* 1402
+2 75
+2 75

fl=(85)
fn=(342)
31 49
-3 49
+3 343
+8 49
-6 98
+7 49

fl=(65) /usr/src/debug////////glibc-2.17-c758a686/string/../sysdeps/x86_64/strrchr.S
fn=(244) __GI_strrchr
25 1
+1 1
+1 1
+1 1
+1 1
+1 1
+1 1
+1 1
+1 1
+1 1
+1 1
+1 1
+1 1
+1 1
+1 1
+1 1
+1 1
+1 1
+1 1
+1 1
+1 1
+1 1
+1 1
+13 1
+1 1
+1 1
+1 1
+7 1
+1 1
+1 1
+1 1
+1 1
+1 1
+1 1

fl=(79)
fn=(324)
2886 11504320
+5 5752160
+1 5752160
+3 20132553
+2 8628237
cfn=(332) _int_malloc
calls=2876079 3349 
* 171419199
+3 2876079
-3 2876079
+3 2876079
+6 5752158
+1 11504316
+5 14380395
-17 17256474
+5 5752158
-7 1
+19 3
-19 1
cfi=(80)
cfn=(326)
calls=1 30 
* 57636

fn=(325)
2886 4
+5 2
+1 2
+3 7
+2 3
cfn=(332)
calls=1 3349 
* 1053
+3 1
-3 1
+3 1
+6 2
+1 4
+5 5
-17 6
+5 2

fn=(334) malloc_consolidate
4111 120
+22 30
+1 42
+12 14
5021 14
4136 14
+11 14
-1 14
5019 14
+2 14
-2 56
4149 28
+1 28
-1 252
+1 355
+21 65
+1 650
+4 15958
+4 15958
-3 15958
+1 15958
+2 15958
+1 227
+1 227
+3 227
+1 227
+1 227
-2 227
+12 227
-12 227
+3 227
+9 227
-12 15731
+1 15731
+1 15731
-2 15731
+12 15731
-12 15731
+3 15731
+9 31653
-41 15922
-3 15922
+3 31844
+1 15922
+1 31844
+2 31844
-4 37
-3 37
+3 74
+1 37
+1 74
+2 74
+1 478
+2 478
-1 478
+2 5455
+3 31918
+3 31916
+4 31786
+18 1
+1 1
+4 1
-4 1
+1 1
+3 1
+3 560
+6 113
-73 3
1829 3
-2 2
+2 378
-2 252
+6 3
+5 1
+2 1
-2 1
4206 8
1837 3

fn=(332)
3349 4290914
-30 4290914
+30 4290914
-30 4290914
+30 4290914
-30 4290914
+30 12872742
-30 25745484
+30 8581828
+4 8581828
+14 8581828
+1 12872568
+1 4290856
+1 4290856
-1 8581712
+5 8581712
+3 20907725
+1 4181545
-1 4181545
+1 8363090
+26 218738
+1 218686
+1 218686
+2 328029
+1 28128
+3 14063
+1 28126
+5 14063
+1 14063
+1 14063
+2 42189
1900 4197676
3751 4197676
1900 8395352
3753 4197676
+58 34327312
3444 189
+1 52
+1 48
cfn=(334)
calls=12 4111 
* 467347
* 24
3796 12
5021 24
3796 36
+2 300
5019 12
+2 12
-2 36
3465 24
3796 95294
5021 190588
3796 285882
+2 2382350
5019 95294
+2 95294
-2 285882
3465 190592
+67 46473
+1 92946
+1 30982
+45 15491
+7 15491
-6 15491
+1 15491
+1 15491
+1 15491
+3 15491
-52 24
+45 24
+7 24
-6 24
+1 24
+1 24
+1 24
+3 24
3465 332469
+2 29610
-1 29610
+1 59220
+1 59220
+7 29610
+10 87902
+34 16189
-5 16189
+1 16189
+4 16189
+12 31030
+6 160
+1 8
+1 8
+3 16
-5 99
+1 5
+1 5
+3 10
-5 55
+1 11
+1 11
+3 22
+34 96
-39 65
-50 14186
-1 28372
+2 14160
-1 28320
+4 13421
+1 26842
+4 26842
-3 26842
+1 26842
+1 26842
+1 13421
+2 12837
+1 12837
+3 89859
+2 25674
-2 12837
+2 12837
+4 12837
1900 12837
3505 12837
1900 25674
3502 4088
+2 1168
-2 584
+2 584
+4 584
1900 584
3505 584
1900 187644
3537 25
+58 162426
+70 81213
+1 81213
+1 81213
-1 81213
+1 81213
+1 162426
+1 162426
+5 325156
+2 239595
+2 319328
-2 239469
+2 319252
-2 159604
+2 239385
+95 79819
+3 79819
-2 159638
+2 159638
+16 60
+1 4
cfn=(334)
calls=2 4111 
* 5015
+2 2
+1 2
-1 2
3686 1631
+1 1631
-2 6202
+7 1470
+3 2940
+1 76
+1 76
+1 76
-2 304
+59 76
3537 7
-16 674
-1 1348
+1 2022
3380 20907725
3596 52
+3 78
3444 136
3678 80
+2 20
+1 40
-1 26
+1 52
3444 12
3702 1394
+8 2788
-8 4182
+5 1394
+3 1394
-3 1394
+3 11215
+3 2788
+1 1308
+1 2616
-37 78
+48 740
-5 740
+6 1480
+11 740
-6 740
+1 740
+1 740
+1 740
+3 740
+1 740
+1 1480
+2 21
+1 21
+2 147
+2 42
-2 21
+2 21
+1 42
-3 5033
+2 1438
-2 719
+2 719
+1 1438
3410 4
cfn=(334)
calls=1 4111 
* 666
* 3
+34 35
3805 112
cfn=(336) sysmalloc
calls=28 2278 
* 4439
+1 28
-1 28
+1 28
1900 112
3780 79789
-3 79789
+1 159578
+2 79789
-1 79789
+1 159578
+2 79789
-2 239367
+5 79789
-5 79789
+2 79789
1900 239367
3710 252

fn=(458)
3181 1414834
+13 4244502
-13 1414834
+10 2829668
+3 1414834
-13 4244502
+13 1414834
+8 2829668
+1 2829668
+10 16978008
+7 1414834
+8 1414834
-7 2829668
+7 2829668
+15 4244502
cfn=(332)
calls=1414834 3349 
* 82798025
+6 1414834
-6 1414834
+6 1414834
+7 5659336
+3 2829668
+6 4244502
+46 7446516
-36 1414834
-3 1414834
+3 2829668
-13 1414834
+13 2829668
+10 1414834
+1 2829668
+3 2829668
+7 1241086
-3 1241086
+1 1241086
+1 2482172
+1 1241086
+3 60786
-2 60786
+1 60786
+1 60786
+3 44811
-2 44811
+1 44811
+1 44811
+1 42507
+1 85014
-29 55518
+15 521244
cfi=(100) /usr/src/debug////////glibc-2.17-c758a686/string/../sysdeps/x86_64/memset.S
cfn=(464) __GI_memset
calls=173748 57 
* 4141870
+21 1216236

fn=(336)
2278 252
+21 28
+11 28
-11 56
+11 28
+1 80
+79 24
+20 24
-19 48
+19 48
2716 48
+6 24
+3 24
-3 24
+3 48
+1 24
+3 72
-2 24
+2 48
+1 24
-1 24
-1 24
+1 24
+1 24
+2 24
+6 192
-6 4
+6 32
-21 48
2312 12
+14 16
+6 8
2461 48
+19 48
-19 120
+19 48
+8 24
-8 24
+8 24
2334 32
cfi=(95)
cfn=(392)
calls=4 32 
* 132
+2 12
+34 4
-5 12
+5 16
+3 4
+1 4
-1 4
+1 4
+1 8
2489 144
cfi=(83)
cfn=(338)
calls=24 47 
* 1557
+1 24
-1 24
+1 24
+3 96
+2 48
+1 48
+18 48
+25 48
+2 48
2392 24
2547 24
-6 24
+6 70
+1 115
+2 6
+42 3
+19 1
+3 2
+1 4
+3 1
-3 1
+3 2
cfi=(83)
cfn=(338)
calls=1 47 
* 45
+12 3
+5 2
+1 4
+35 1
+1 1
-2 1
+1 2
+12 1
-12 1
+1 2
+11 1
2371 6
2540 5
+10 2

fn=(418)
2922 8581828
+1 8581828
+5 8581828
+5 4290914
-2 4290914
+2 8581828
+16 12872730
+1 12872730
cfn=(420) _int_free
calls=4290910 3819 
* 313172447
-14 12
+1 8
+1 6
+2 3
+1 3
-1 3
+1 3
+1 7
2817 2
+1 1
+6 1
-7 1
+7 6
-7 6
+1 3
+6 3
-7 3
+7 18
+7 4
+1 4
+5 4
cfi=(98) /usr/src/debug////////glibc-2.17-c758a686/misc/../sysdeps/unix/syscall-template.S
cfn=(422) munmap
calls=4 81 
* 20

fn=(420)
3819 42909100
+13 12872730
+6 17163640
+1 8581820
+13 17163640
+13 8581820
+11 17163424
+1 12872568
1907 4290856
3901 4290856
1907 8581712
3903 12872568
+1 8581712
+1 4290856
+3 4290856
-3 4290856
+9 12872568
-5 12872568
+14 17130666
+2 4290856
+2 25745136
+2 17130666
4094 34326848
3940 108
3830 54
3941 108
+18 54
-4 54
+4 108
+6 108
+8 162
+6 108
+1 108
+1 108
1907 162
3990 108
+1 5
+2 5
-1 5
+2 59
+3 108
+5 106
+4 53
+9 53
-1 53
+2 106
+7 53
-2 53
+1 53
+1 53
+2 22
+1 22
+2 22
+1 22
+2 66
+1 22
+30 44
-34 31
+1 31
+2 93
+1 31
+30 64
+1 8
+3 12
+16 108
+2 216
+10 432
3950 324
+2 108
4068 20
-25 1
+1 3
+1 2
-51 36
-27 162
-2 108

fl=(100)
fn=(464)
57 173748
+1 173748
+1 173748
+1 173748
+1 173748
+2 173748
+1 173748
+8 133837
+10 173748
+1 173748
+1 173748
+1 173748
+1 173748
+1 173748
+1 173748
+1 173748
+1 173748
+1 173748
+1 173748
+1 173748
+1 173748
+1 213659
+3 39911
+1 39911
+1 39911
+1 39911
+1 39911
+1 39911
+1 39911
-6 18
+1 18
+1 18
+1 18
+1 18
+1 18
+1 18
+1 39911

fl=(46)
fn=(176)
27 4
-1 4
+1 4
+4 8
-3 8

fl=(78) /usr/src/debug/glibc-2.17-c758a686/libio/iofopen.c
fn=(320) __fopen_internal
65 6
+8 1
-8 2
+8 1
cfi=(79)
cfn=(324)
calls=1 2886 
* 57649
* 1
+2 1
-2 1
+2 1
+3 1
+3 5
-3 1
+3 1
cfi=(86)
cfn=(344) _IO_no_init
calls=1 644 
* 58
+4 1
+1 1
-1 1
+1 1
cfi=(87)
cfn=(348) _IO_file_init@@GLIBC_2.2.5
calls=1 +58 
* 95
+4 5
cfi=(87)
cfn=(352) _IO_file_fopen@@GLIBC_2.2.5
calls=1 260 
* 113
* 1
+1 1
-1 1
+6 5
-5 1
cfn=(360) __fopen_maybe_mmap
calls=1 -49 
* 4

fn=(318) fopen@@GLIBC_2.2.5
103 2
cfn=(320)
calls=1 -38 
* 57959

fn=(360)
42 1
-2 1
+2 1
+15 1

fl=(47)
fn=(178)
30 1
+1 1
+1 1
+1 1
+2 1

fl=(44)
fn=(172)
100 1
+2 1
+1 1
+1 1
+9 1

fn=(180)
120 1
+2 1
+1 1
+1 1
+9 1

fl=(102) /usr/src/debug/glibc-2.17-c758a686/stdlib/exit.c
fn=(494) exit
99 1
-1 1
+1 2
cfn=(496) __run_exit_handlers
calls=1 -63 
* 3504

fn=(496)
36 9
+5 6
+4 3
-4 3
+4 3
+3 1
-1 1
+2 5
+33 1
+1 1
-1 1
+1 1
+6 2
+1 5
cfi=(86)
cfn=(562) _IO_cleanup
calls=1 1007 
* 255
* 3
+2 2
cfi=(106) /usr/src/debug/glibc-2.17-c758a686/posix/../sysdeps/unix/sysv/linux/_exit.c
cfn=(572) _Exit
calls=1 -64 
* 5
-19 1
+4 2
-2 2
+2 1
cob=(1)
cfi=(103)
cfn=(498)
calls=1 +55 
* 3190
+1 1

fl=(106)
fn=(572)
28 2
+4 1
+2 2

fl=(87)
fn=(482) _IO_do_write@@GLIBC_2.2.5
508 7
+2 7
-2 35
+2 14
+12 28
+7 28
+8 35
cfn=(484) _IO_file_write@@GLIBC_2.2.5
calls=7 1294 
* 301
* 7
+1 21
+6 7
-4 7
+4 7
-4 21
+1 14
+3 7
-34 14
+32 7
-32 7
+1 28
-1 7
+1 14
+32 14

fn=(348)
144 1
+4 1
-4 3
+5 1
-1 1
+3 1
cfi=(86)
cfn=(350) _IO_link_in
calls=1 -51 
* 82
+1 1
+1 4

fn=(432)
159 3
+2 1
-2 1
+2 2
+4 1
+3 1
-3 1
-1 2
+6 1
+3 1
-3 1
cfi=(86)
cfn=(434) _IO_unsave_markers
calls=1 1116 
* 9
+3 2
+4 3
+9 5
cfi=(86)
cfn=(394)
calls=1 400 
* 39
+1 2
+3 1
-3 1
+1 3
+2 1
cfi=(86)
cfn=(430)
calls=1 61 
* 10
+5 2
-4 1
+1 1
+1 1
+2 1
+1 4
-23 3
cfn=(436) _IO_file_close
calls=1 1285 
* 7
* 2

fn=(436)
1285 2
cfi=(88)
cfn=(438)
calls=1 81 
* 5

fn=(382) _IO_file_underflow@@GLIBC_2.2.5
551 64
+8 48
+6 48
+3 32
+13 32
+20 32
cfi=(86)
cfn=(396) _IO_switch_to_get_mode
calls=16 183 
* 320
+6 16
+5 64
-5 32
+1 16
+2 16
-1 32
+3 16
cfn=(398) _IO_file_read
calls=16 1244 
* 176
+2 32
+10 15
-3 15
+3 30
+2 30
+1 60
-10 1
-1 1
+1 2
+10 1
-4 1
+4 3
-56 3
+5 2
cfi=(86)
cfn=(384) _IO_doallocbuf
calls=1 415 
* 128
* 2

fn=(478) _IO_file_overflow@@GLIBC_2.2.5
823 724
+1 543
+7 1263
+35 362
+3 362
+3 543
+1 543
+1 724
+4 181
+1 724
-45 2
+12 2
+9 4
+8 1
-4 1
+3 2
-2 2
-3 1
+1 2
+5 1
-1 1
+1 3
+1 2
+12 14
-1 7
+1 7
-1 7
cfn=(482)
calls=7 508 
* 637
* 14
-39 2
cfi=(86)
cfn=(384)
calls=1 415 
* 141
+1 6

fn=(484)
1294 49
+2 35
+11 7
+1 7
-12 14
+5 7
-1 21
+1 14
cfi=(88)
cfn=(486)
calls=7 81 
* 49
+1 14
+9 21
+3 63

fn=(570) _IO_file_sync@@GLIBC_2.2.5
885 1
+5 1
-5 1
+5 3
+2 1
+1 2
+17 2
+4 2

fn=(352)
260 1
+12 1
-12 8
+11 3
+2 4
430 8
281 2
-20 1
+37 12
+41 1
225 1
+1 2
-1 1
+4 1
cfi=(88)
cfn=(354)
calls=1 81 
* 7
* 1
+4 2
+3 1
-1 1
+1 2
+3 2
-3 1
+3 1
+10 2
cfi=(86)
cfn=(350)
calls=1 100 
* 11
359 3
cfi=(89)
cfn=(358)
calls=1 53 
* 25
* 1
+1 3
-83 1
-1 1
-15 2

fn=(388)
1262 2
+1 6
cfi=(94) /usr/src/debug/glibc-2.17-c758a686/io/../sysdeps/unix/sysv/linux/wordsize-64/fxstat.c
cfn=(390) _fxstat
calls=2 36 
* 20

fn=(398)
1244 64
cfi=(88)
cfn=(400)
calls=16 81 
* 112

fn=(442)
203 1
+1 1
-1 1
+1 1
+6 2
+1 1
-1 1
cfi=(86)
cfn=(444) _IO_default_finish
calls=1 683 
* 24

fn=(566) _IO_file_setbuf@@GLIBC_2.2.5
460 2
+1 1
cfi=(86)
cfn=(568) _IO_default_setbuf
calls=1 +97 
* 51
* 2
+4 2
-1 2
+2 3
+2 1
+1 2

fl=(101)
fn=(474)
27 181
+3 181
-3 362
+3 2715
+1 543
fi=(96)
889 362
+1 1448
fe=(101)
34 543
-3 543
cfi=(86)
cfn=(476) __overflow
calls=181 242 
* 7915
* 362

fl=(73)
fn=(288)
56 6
-22 2
cfn=(290) __new_exitfn
calls=1 +38 
* 39
+2 2
+4 1
+3 1
+1 1
-4 2
+2 1
+4 1
+1 1
+11 4

fn=(290)
72 1
+6 2
-6 3
+6 4
+2 4
-7 2
+9 3
-2 1
+10 1
-10 2
+45 1
+1 1
+3 4
+3 5
-35 2
+14 1
+1 2

fl=(48)
fn=(182)
27 1
+1 1
+1 1
+1 1
+1 1
+2 1
+1 1
+5 1

fl=(45)
fn=(174)
36 1
+1 1
+3 2
-3 4
+3 1
cfi=(46)
cfn=(176)
calls=1 -13 
* 7
* 3
+1 3

fl=(94)
fn=(390)
36 2
-1 2
+1 2
+1 12
+4 2

fl=(104) /usr/src/debug/glibc-2.17-c758a686/stdlib/cxa_finalize.c
fn=(526) __cxa_finalize
30 6
+17 2
-17 10
+4 8
+4 12
-4 6
+32 8
+4 12
-4 6
+12 4
+3 2
-2 2
+2 12
-2 2
cfi=(105)
cfn=(528)
calls=2 -43 
* 14

fl=(67)
fn=(252) intel_check_word
132 32
+1 12
+6 32
+2 4
-2 4
+2 4
+88 8
-76 20
+53 16
+23 40
-1 8
+1 8
cfi=(68)
cfn=(254)
calls=8 26 
* 1228
+2 16
+22 8
141 16
+2 10
+2 20
-10 2
258 32
-93 10
+5 10
-5 14
+9 2
+2 4
+8 2
+4 2
-2 4
+13 3
-34 15
+5 6
+4 8
+7 9
+9 2
-2 2
+3 2
-1 2
-2 2
+1 2
+1 2
-1 6
+1 2
-2 4

fn=(256)
121 162
+3 162

fn=(248)
478 2
+12 1
-12 1
+12 1
-12 1
+12 1
-12 1
+12 1
648 2
+2 1
+1 1
+2 1
-3 1
+5 1
-5 1
+4 3
+4 2
+2 1
+1 1
+2 1
+4 1
-7 1
+5 1
-5 1
+4 1
+3 2
-3 1
+3 1
-3 1
+3 2
492 2
cfn=(250) handle_intel.isra.0
calls=1 262 
* 844
+4 1
-4 1
+4 1
cfn=(250)
calls=1 262 
* 885
+2 1
-2 1
-1 1
+3 1
+9 3
+2 1
+1 1
+2 1
+5 2
+9 16
-9 12
+6 3
-6 3
+6 3
-6 3
+6 1
-6 1
+6 1
+69 4
+1 6
-65 1
+32 1
-26 5
+7 2
+4 4
+2 4
-6 4
+4 1
-2 1
+2 1
-4 3
+4 1
-2 1
+2 1
+15 1
+1 4
-9 1
+2 2
+1 1
-1 2
+1 1
+1 1

fn=(250)
262 4
+12 2
-12 12
+9 2
+1 4
-3 6
+23 10
cfn=(252)
calls=2 132 
* 1446
+1 4
+3 10
cfn=(252)
calls=2 132 
* 189
+1 4
-17 4
+5 2
-5 4
+5 2
+2 2
+1 2
-1 4
+27 16

fl=(86)
fn=(476)
242 543
+1 1
+1 3
cfi=(87)
cfn=(478)
calls=1 823 
* 202
* 540
cfi=(87)
cfn=(478)
calls=180 823 
* 6626

fn=(350)
100 8
+1 6
+4 1
-2 2
+2 5
+1 10
+2 1
-2 1
+1 1
+1 1
-2 1
+2 1
-2 1
+2 14
+2 1
-2 1
+4 1
+2 1
-3 1
-1 1
+4 7
+2 1
-1 1
+1 8
+1 2
+3 8
-6 7

fn=(562)
1007 1
+3 1
-3 2
-48 1
+48 2
+3 1
cfn=(564) _IO_flush_all_lockp
calls=1 819 
* 88
-63 1
+63 1
-63 3
+2 9
+2 2
-1 4
+3 4
+6 16
+8 5
+10 5
cfi=(87)
cfn=(566)
calls=1 460 
* 66
+3 2
+7 3
-40 9
+75 7
-53 1
+4 1
-4 1
+2 1
+1 1
+1 1
-2 1
+3 4
+6 3
+1 8

fn=(346) _IO_old_init
627 1
-16 1
+1 1
+15 1
+5 1
-21 1
+2 1
+1 1
+1 1
+17 1
-16 1
+1 1
+1 1
+1 1
+1 1
+1 1
+2 1
+1 1
+1 1
+1 1
+6 1
+1 4

fn=(344)
644 9
+1 1
cfn=(346)
calls=1 -18 
* 25
+3 1
-2 1
+2 1
+2 1
+1 1
+1 1
+1 1
+1 1
+1 1
+1 1
+1 1
+1 1
+1 1
+1 1
+1 1
+2 1
+3 1
+1 6

fn=(430)
61 12
+1 6
+4 6
+1 10
+2 1
-2 1
+1 1
+1 19
+2 3
+2 2
+13 1
+2 1
-2 1
+2 4
+2 1
-1 1
+1 6
+1 2
+3 12
-6 6
-13 1
+1 1
-1 2

fn=(564)
819 3
+6 1
-6 5
+6 2
+6 1
-11 1
+10 1
+2 2
+4 2
-1 3
-1 3
+1 3
+3 9
+10 6
+4 3
-2 3
+2 6
+7 3
-27 6
+31 2
+2 2
+4 9
-31 12

fn=(568)
558 5
+1 1
-1 1
+1 1
cfi=(87)
cfn=(570)
calls=1 885 
* 13

ob=(5)
fl=(61)
fn=(230)
0 17

fn=(514)
0 2

ob=(3)
fl=(86)
fn=(568)
559 2
+9 1
-7 1
+7 1
-7 1
401 1
563 1
+1 1
-1 1
+1 1
401 4
+7 1
-5 1
+1 1
+4 1
571 2
+2 1
-2 1
+1 3
+2 4

fn=(378)
364 16
+2 16
-2 16
+2 33
+6 80
+3 32
+2 32
+6 32
+7 32
+1 16
-1 32
cfn=(380) _IO_default_uflow
calls=16 +45 
* 1458
-24 30
+22 48

fn=(380)
435 16
+1 16
-1 16
+1 16
cfi=(87)
cfn=(382)
calls=16 551 
* 1270
+1 32
+2 60
+1 32

fn=(444)
683 2
+2 3
+6 3
+3 3
+6 1
+6 1
-6 1
cfn=(430)
calls=1 61 
* 10

fn=(384)
415 6
+1 2
-1 2
+1 2
+6 8
-4 6
+1 6
cfi=(93)
cfn=(386)
calls=2 96 
* 233
* 4

fn=(434)
1116 1
+2 1
-2 1
+2 1
+19 3
+2 2

fn=(394)
400 15
+1 14
+3 3
+2 12
-3 3
+3 6
+3 12
-7 7
cfi=(98)
cfn=(422)
calls=1 81 
* 5
* 4

fn=(396)
183 16
+1 16
-1 16
+1 32
+3 48
+5 16
-1 32
+1 16
+7 16
-4 16
+2 32
+2 16
+1 16
+1 32

fl=(64)
fn=(242)
30 4
+1 5
+2 3
cfi=(65)
cfn=(244)
calls=1 -8 
* 34
+4 5
+1 3
+2 4

fl=(49)
fn=(184)
30 1
+1 1
+3 2
-3 4
+3 1
cfi=(46)
cfn=(176)
calls=1 -7 
* 7

ob=(5)
fl=(61)
fn=(514)
0 6
cob=(1)
cfi=(70)
cfn=(281)
calls=1 71 
0 1089
0 5
0 1
cfn=(532) 0x0000000000000570
calls=1 0 
0 9
0 3

fn=(532)
0 9

ob=(3)
fl=(49)
fn=(184)
35 3
+1 3

fl=(98)
fn=(422)
81 20
+1 5

totals: 4670246446
